1.0000,22.0800,11.4600,2.0000,4.0000,4.0000,1.5850,0.0000,0.0000,0.0000,1.0000,2.0000,100.0000,1213.0000,0.0000
0.0000,22.6700,7.0000,2.0000,8.0000,4.0000,0.1650,0.0000,0.0000,0.0000,0.0000,2.0000,160.0000,1.0000,0.0000
0.0000,29.5800,1.7500,1.0000,4.0000,4.0000,1.2500,0.0000,0.0000,0.0000,1.0000,2.0000,280.0000,1.0000,0.0000
0.0000,21.6700,11.5000,1.0000,5.0000,3.0000,0.0000,1.0000,1.0000,11.0000,1.0000,2.0000,0.0000,1.0000,1.0000
1.0000,20.1700,8.1700,2.0000,6.0000,4.0000,1.9600,1.0000,1.0000,14.0000,0.0000,2.0000,60.0000,159.0000,1.0000
0.0000,15.8300,0.5850,2.0000,8.0000,8.0000,1.5000,1.0000,1.0000,2.0000,0.0000,2.0000,100.0000,1.0000,1.0000
1.0000,17.4200,6.5000,2.0000,3.0000,4.0000,0.1250,0.0000,0.0000,0.0000,0.0000,2.0000,60.0000,101.0000,0.0000
0.0000,58.6700,4.4600,2.0000,11.0000,8.0000,3.0400,1.0000,1.0000,6.0000,0.0000,2.0000,43.0000,561.0000,1.0000
1.0000,27.8300,1.0000,1.0000,2.0000,8.0000,3.0000,0.0000,0.0000,0.0000,0.0000,2.0000,176.0000,538.0000,0.0000
0.0000,55.7500,7.0800,2.0000,4.0000,8.0000,6.7500,1.0000,1.0000,3.0000,1.0000,2.0000,100.0000,51.0000,0.0000
1.0000,33.5000,1.7500,2.0000,14.0000,8.0000,4.5000,1.0000,1.0000,4.0000,1.0000,2.0000,253.0000,858.0000,1.0000
1.0000,41.4200,5.0000,2.0000,11.0000,8.0000,5.0000,1.0000,1.0000,6.0000,1.0000,2.0000,470.0000,1.0000,1.0000
1.0000,20.6700,1.2500,1.0000,8.0000,8.0000,1.3750,1.0000,1.0000,3.0000,1.0000,2.0000,140.0000,211.0000,0.0000
1.0000,34.9200,5.0000,2.0000,14.0000,8.0000,7.5000,1.0000,1.0000,6.0000,1.0000,2.0000,0.0000,1001.0000,1.0000
1.0000,58.5800,2.7100,2.0000,8.0000,4.0000,2.4150,0.0000,0.0000,0.0000,1.0000,2.0000,320.0000,1.0000,0.0000
1.0000,48.0800,6.0400,2.0000,4.0000,4.0000,0.0400,0.0000,0.0000,0.0000,0.0000,2.0000,0.0000,2691.0000,1.0000
1.0000,29.5800,4.5000,2.0000,9.0000,4.0000,7.5000,1.0000,1.0000,2.0000,1.0000,2.0000,330.0000,1.0000,1.0000
0.0000,18.9200,9.0000,2.0000,6.0000,4.0000,0.7500,1.0000,1.0000,2.0000,0.0000,2.0000,88.0000,592.0000,1.0000
1.0000,20.0000,1.2500,1.0000,4.0000,4.0000,0.1250,0.0000,0.0000,0.0000,0.0000,2.0000,140.0000,5.0000,0.0000
0.0000,22.4200,5.6650,2.0000,11.0000,4.0000,2.5850,1.0000,1.0000,7.0000,0.0000,2.0000,129.0000,3258.0000,1.0000
0.0000,28.1700,0.5850,2.0000,6.0000,4.0000,0.0400,0.0000,0.0000,0.0000,0.0000,2.0000,260.0000,1005.0000,0.0000
0.0000,19.1700,0.5850,1.0000,6.0000,4.0000,0.5850,1.0000,0.0000,0.0000,1.0000,2.0000,160.0000,1.0000,0.0000
1.0000,41.1700,1.3350,2.0000,2.0000,4.0000,0.1650,0.0000,0.0000,0.0000,0.0000,2.0000,168.0000,1.0000,0.0000
1.0000,41.5800,1.7500,2.0000,4.0000,4.0000,0.2100,1.0000,0.0000,0.0000,0.0000,2.0000,160.0000,1.0000,0.0000
1.0000,19.5000,9.5850,2.0000,6.0000,4.0000,0.7900,0.0000,0.0000,0.0000,0.0000,2.0000,80.0000,351.0000,0.0000
1.0000,32.7500,1.5000,2.0000,13.0000,8.0000,5.5000,1.0000,1.0000,3.0000,1.0000,2.0000,0.0000,1.0000,1.0000
1.0000,22.5000,0.1250,1.0000,4.0000,4.0000,0.1250,0.0000,0.0000,0.0000,0.0000,2.0000,200.0000,71.0000,0.0000
1.0000,33.1700,3.0400,1.0000,8.0000,8.0000,2.0400,1.0000,1.0000,1.0000,1.0000,2.0000,180.0000,18028.0000,1.0000
0.0000,30.6700,12.0000,2.0000,8.0000,4.0000,2.0000,1.0000,1.0000,1.0000,0.0000,2.0000,220.0000,20.0000,1.0000
1.0000,23.0800,2.5000,2.0000,8.0000,4.0000,1.0850,1.0000,1.0000,11.0000,1.0000,2.0000,60.0000,2185.0000,1.0000
1.0000,27.0000,0.7500,2.0000,8.0000,8.0000,4.2500,1.0000,1.0000,3.0000,1.0000,2.0000,312.0000,151.0000,1.0000
0.0000,20.4200,10.5000,1.0000,14.0000,8.0000,0.0000,0.0000,0.0000,0.0000,1.0000,2.0000,154.0000,33.0000,0.0000
1.0000,52.3300,1.3750,1.0000,8.0000,8.0000,9.4600,1.0000,0.0000,0.0000,1.0000,2.0000,200.0000,101.0000,0.0000
1.0000,23.0800,11.5000,2.0000,9.0000,8.0000,2.1250,1.0000,1.0000,11.0000,1.0000,2.0000,290.0000,285.0000,1.0000
1.0000,42.8300,1.2500,2.0000,7.0000,4.0000,13.8750,0.0000,1.0000,1.0000,1.0000,2.0000,352.0000,113.0000,0.0000
1.0000,74.8300,19.0000,1.0000,1.0000,1.0000,0.0400,0.0000,1.0000,2.0000,0.0000,2.0000,0.0000,352.0000,0.0000
1.0000,25.0000,12.5000,2.0000,6.0000,4.0000,3.0000,1.0000,0.0000,0.0000,1.0000,1.0000,20.0000,1.0000,1.0000
1.0000,39.5800,13.9150,2.0000,9.0000,4.0000,8.6250,1.0000,1.0000,6.0000,1.0000,2.0000,70.0000,1.0000,1.0000
0.0000,47.7500,8.0000,2.0000,8.0000,4.0000,7.8750,1.0000,1.0000,6.0000,1.0000,2.0000,0.0000,1261.0000,1.0000
0.0000,47.4200,3.0000,2.0000,14.0000,4.0000,13.8750,1.0000,1.0000,2.0000,1.0000,2.0000,519.0000,1705.0000,1.0000
1.0000,23.1700,0.0000,2.0000,13.0000,4.0000,0.0850,1.0000,0.0000,0.0000,0.0000,2.0000,0.0000,1.0000,1.0000
1.0000,22.5800,1.5000,1.0000,6.0000,4.0000,0.5400,0.0000,0.0000,0.0000,1.0000,2.0000,120.0000,68.0000,0.0000
1.0000,26.7500,1.1250,2.0000,14.0000,8.0000,1.2500,1.0000,0.0000,0.0000,0.0000,2.0000,0.0000,5299.0000,1.0000
1.0000,63.3300,0.5400,2.0000,8.0000,4.0000,0.5850,1.0000,1.0000,3.0000,1.0000,2.0000,180.0000,1.0000,0.0000
1.0000,23.7500,0.4150,1.0000,8.0000,4.0000,0.0400,0.0000,1.0000,2.0000,0.0000,2.0000,128.0000,7.0000,0.0000
0.0000,20.7500,10.2500,2.0000,11.0000,4.0000,0.7100,1.0000,1.0000,2.0000,1.0000,2.0000,49.0000,1.0000,1.0000
0.0000,24.5000,1.7500,1.0000,8.0000,4.0000,0.1650,0.0000,0.0000,0.0000,0.0000,2.0000,132.0000,1.0000,0.0000
1.0000,16.1700,0.0400,2.0000,8.0000,4.0000,0.0400,0.0000,0.0000,0.0000,0.0000,2.0000,0.0000,1.0000,1.0000
0.0000,29.5000,2.0000,1.0000,10.0000,8.0000,2.0000,0.0000,0.0000,0.0000,0.0000,2.0000,256.0000,18.0000,0.0000
0.0000,52.8300,15.0000,2.0000,8.0000,4.0000,5.5000,1.0000,1.0000,14.0000,0.0000,2.0000,0.0000,2201.0000,1.0000
1.0000,32.3300,3.5000,2.0000,4.0000,4.0000,0.5000,0.0000,0.0000,0.0000,1.0000,2.0000,232.0000,1.0000,0.0000
1.0000,21.0800,4.1250,1.0000,3.0000,8.0000,0.0400,0.0000,0.0000,0.0000,0.0000,2.0000,140.0000,101.0000,0.0000
1.0000,28.1700,0.1250,1.0000,4.0000,4.0000,0.0850,0.0000,0.0000,0.0000,0.0000,2.0000,216.0000,2101.0000,0.0000
1.0000,19.0000,1.7500,1.0000,8.0000,4.0000,2.3350,0.0000,0.0000,0.0000,1.0000,2.0000,112.0000,7.0000,0.0000
1.0000,27.5800,3.2500,1.0000,11.0000,8.0000,5.0850,0.0000,1.0000,2.0000,1.0000,2.0000,369.0000,2.0000,0.0000
1.0000,27.8300,1.5000,2.0000,9.0000,4.0000,2.0000,1.0000,1.0000,11.0000,1.0000,2.0000,434.0000,36.0000,1.0000
1.0000,40.0000,6.5000,2.0000,6.0000,5.0000,3.5000,1.0000,1.0000,1.0000,0.0000,2.0000,0.0000,501.0000,1.0000
0.0000,37.3300,2.5000,2.0000,3.0000,8.0000,0.2100,0.0000,0.0000,0.0000,0.0000,2.0000,260.0000,247.0000,0.0000
1.0000,42.5000,4.9150,1.0000,9.0000,4.0000,3.1650,1.0000,0.0000,0.0000,1.0000,2.0000,52.0000,1443.0000,1.0000
1.0000,56.7500,12.2500,2.0000,7.0000,4.0000,1.2500,1.0000,1.0000,4.0000,1.0000,2.0000,200.0000,1.0000,1.0000
1.0000,43.1700,5.0000,2.0000,3.0000,5.0000,2.2500,0.0000,0.0000,0.0000,1.0000,2.0000,141.0000,1.0000,0.0000
0.0000,23.7500,0.7100,2.0000,9.0000,4.0000,0.2500,0.0000,1.0000,1.0000,1.0000,2.0000,240.0000,5.0000,0.0000
1.0000,18.5000,2.0000,2.0000,3.0000,4.0000,1.5000,1.0000,1.0000,2.0000,0.0000,2.0000,120.0000,301.0000,1.0000
0.0000,40.8300,3.5000,2.0000,3.0000,5.0000,0.5000,0.0000,0.0000,0.0000,0.0000,1.0000,1160.0000,1.0000,0.0000
0.0000,24.5000,0.5000,2.0000,11.0000,8.0000,1.5000,1.0000,0.0000,0.0000,0.0000,2.0000,280.0000,825.0000,1.0000
1.0000,42.0000,9.7900,2.0000,14.0000,8.0000,7.9600,1.0000,1.0000,8.0000,0.0000,2.0000,0.0000,1.0000,1.0000
0.0000,19.5000,0.1650,2.0000,11.0000,4.0000,0.0400,0.0000,0.0000,0.0000,1.0000,2.0000,380.0000,1.0000,0.0000
1.0000,21.5000,11.5000,2.0000,3.0000,4.0000,0.5000,1.0000,0.0000,0.0000,1.0000,2.0000,100.0000,69.0000,0.0000
1.0000,31.2500,2.8350,2.0000,1.0000,1.0000,0.0000,0.0000,1.0000,5.0000,0.0000,2.0000,176.0000,147.0000,0.0000
1.0000,27.2500,1.5850,2.0000,13.0000,8.0000,1.8350,1.0000,1.0000,12.0000,1.0000,2.0000,583.0000,714.0000,1.0000
1.0000,48.7500,26.3350,1.0000,1.0000,1.0000,0.0000,1.0000,0.0000,0.0000,1.0000,2.0000,0.0000,1.0000,0.0000
0.0000,30.4200,1.3750,2.0000,9.0000,8.0000,0.0400,0.0000,1.0000,3.0000,0.0000,2.0000,0.0000,34.0000,0.0000
1.0000,29.4200,1.2500,2.0000,9.0000,4.0000,1.7500,0.0000,0.0000,0.0000,0.0000,2.0000,200.0000,1.0000,0.0000
1.0000,28.2500,5.0400,1.0000,8.0000,5.0000,1.5000,1.0000,1.0000,8.0000,1.0000,2.0000,144.0000,8.0000,1.0000
1.0000,40.2500,21.5000,2.0000,10.0000,9.0000,20.0000,1.0000,1.0000,11.0000,0.0000,2.0000,0.0000,1201.0000,1.0000
1.0000,36.5000,4.2500,2.0000,11.0000,4.0000,3.5000,0.0000,0.0000,0.0000,0.0000,2.0000,454.0000,51.0000,0.0000
1.0000,25.5800,0.3350,2.0000,4.0000,8.0000,3.5000,0.0000,0.0000,0.0000,1.0000,2.0000,340.0000,1.0000,0.0000
1.0000,29.8300,3.5000,2.0000,8.0000,4.0000,0.1650,0.0000,0.0000,0.0000,0.0000,2.0000,216.0000,1.0000,0.0000
1.0000,23.0800,0.0000,2.0000,4.0000,4.0000,1.0000,0.0000,1.0000,11.0000,0.0000,1.0000,0.0000,1.0000,0.0000
0.0000,32.1700,1.4600,2.0000,9.0000,4.0000,1.0850,1.0000,1.0000,16.0000,0.0000,2.0000,120.0000,2080.0000,1.0000
1.0000,25.1700,3.5000,2.0000,13.0000,4.0000,0.6250,1.0000,1.0000,7.0000,0.0000,2.0000,0.0000,7060.0000,1.0000
0.0000,35.1700,3.7500,2.0000,1.0000,1.0000,0.0000,0.0000,1.0000,6.0000,0.0000,2.0000,0.0000,201.0000,0.0000
0.0000,18.5800,10.0000,2.0000,2.0000,4.0000,0.4150,0.0000,0.0000,0.0000,0.0000,2.0000,80.0000,43.0000,0.0000
1.0000,39.9200,5.0000,2.0000,3.0000,5.0000,0.2100,0.0000,0.0000,0.0000,0.0000,2.0000,550.0000,1.0000,0.0000
1.0000,23.4200,1.0000,2.0000,8.0000,4.0000,0.5000,0.0000,0.0000,0.0000,1.0000,1.0000,280.0000,1.0000,0.0000
1.0000,37.5800,0.0000,2.0000,8.0000,4.0000,0.0000,0.0000,0.0000,0.0000,0.0000,3.0000,184.0000,1.0000,1.0000
0.0000,24.7500,13.6650,2.0000,11.0000,8.0000,1.5000,0.0000,0.0000,0.0000,0.0000,2.0000,280.0000,2.0000,0.0000
0.0000,47.0000,13.0000,2.0000,3.0000,5.0000,5.1650,1.0000,1.0000,9.0000,1.0000,2.0000,0.0000,1.0000,1.0000
1.0000,34.1700,5.2500,2.0000,9.0000,4.0000,0.0850,0.0000,0.0000,0.0000,1.0000,2.0000,290.0000,7.0000,1.0000
1.0000,22.1700,0.5850,1.0000,1.0000,1.0000,0.0000,0.0000,0.0000,0.0000,0.0000,2.0000,100.0000,1.0000,0.0000
1.0000,27.7500,1.2900,2.0000,4.0000,8.0000,0.2500,0.0000,0.0000,0.0000,1.0000,1.0000,140.0000,1.0000,0.0000
1.0000,42.7500,4.0850,2.0000,6.0000,4.0000,0.0400,0.0000,0.0000,0.0000,0.0000,2.0000,108.0000,101.0000,0.0000
1.0000,28.6700,14.5000,2.0000,2.0000,4.0000,0.1250,0.0000,0.0000,0.0000,0.0000,2.0000,0.0000,287.0000,0.0000
1.0000,36.2500,5.0000,2.0000,8.0000,5.0000,2.5000,1.0000,1.0000,6.0000,0.0000,2.0000,0.0000,368.0000,1.0000
0.0000,18.1700,10.0000,1.0000,11.0000,8.0000,0.1650,0.0000,0.0000,0.0000,0.0000,2.0000,340.0000,1.0000,0.0000
1.0000,21.2500,1.5000,2.0000,9.0000,4.0000,1.5000,0.0000,0.0000,0.0000,0.0000,2.0000,150.0000,9.0000,1.0000
0.0000,38.9200,1.6650,2.0000,6.0000,4.0000,0.2500,0.0000,0.0000,0.0000,0.0000,2.0000,0.0000,391.0000,0.0000
1.0000,31.8300,0.0400,1.0000,7.0000,4.0000,0.0400,0.0000,0.0000,0.0000,0.0000,2.0000,0.0000,1.0000,0.0000
0.0000,17.3300,9.5000,2.0000,6.0000,4.0000,1.7500,0.0000,1.0000,10.0000,1.0000,2.0000,0.0000,11.0000,0.0000
0.0000,20.4200,0.8350,2.0000,11.0000,4.0000,1.5850,1.0000,1.0000,1.0000,0.0000,2.0000,0.0000,1.0000,1.0000
0.0000,39.0800,4.0000,2.0000,8.0000,4.0000,3.0000,0.0000,0.0000,0.0000,0.0000,2.0000,480.0000,1.0000,0.0000
1.0000,38.6700,0.2100,2.0000,4.0000,4.0000,0.0850,1.0000,0.0000,0.0000,1.0000,2.0000,280.0000,1.0000,1.0000
1.0000,27.6700,13.7500,2.0000,9.0000,4.0000,5.7500,1.0000,0.0000,0.0000,1.0000,2.0000,487.0000,501.0000,1.0000
1.0000,27.7500,0.5850,1.0000,13.0000,4.0000,0.2500,1.0000,1.0000,2.0000,0.0000,2.0000,260.0000,501.0000,1.0000
1.0000,19.0000,0.0000,1.0000,1.0000,1.0000,0.0000,0.0000,1.0000,4.0000,0.0000,2.0000,45.0000,2.0000,0.0000
0.0000,25.0000,0.8750,2.0000,14.0000,8.0000,1.0400,1.0000,0.0000,0.0000,1.0000,2.0000,160.0000,5861.0000,1.0000
1.0000,27.6700,2.0000,2.0000,14.0000,8.0000,1.0000,1.0000,1.0000,4.0000,0.0000,2.0000,140.0000,7545.0000,1.0000
1.0000,22.2500,9.0000,2.0000,6.0000,4.0000,0.0850,0.0000,0.0000,0.0000,0.0000,2.0000,0.0000,1.0000,0.0000
0.0000,49.8300,13.5850,2.0000,4.0000,8.0000,8.5000,1.0000,0.0000,0.0000,1.0000,2.0000,0.0000,1.0000,1.0000
1.0000,32.3300,2.5000,2.0000,8.0000,4.0000,1.2500,0.0000,0.0000,0.0000,1.0000,2.0000,280.0000,1.0000,0.0000
1.0000,38.2500,10.1250,1.0000,4.0000,4.0000,0.1250,0.0000,0.0000,0.0000,0.0000,2.0000,160.0000,1.0000,0.0000
1.0000,47.3300,6.5000,2.0000,8.0000,4.0000,1.0000,0.0000,0.0000,0.0000,1.0000,2.0000,0.0000,229.0000,0.0000
1.0000,27.8300,4.0000,1.0000,3.0000,8.0000,5.7500,1.0000,1.0000,2.0000,1.0000,2.0000,75.0000,1.0000,0.0000
0.0000,35.7500,0.9150,2.0000,6.0000,4.0000,0.7500,1.0000,1.0000,4.0000,0.0000,2.0000,0.0000,1584.0000,1.0000
1.0000,33.5800,0.2500,2.0000,3.0000,5.0000,4.0000,0.0000,0.0000,0.0000,1.0000,1.0000,420.0000,1.0000,0.0000
1.0000,34.0800,0.0800,1.0000,7.0000,5.0000,0.0400,1.0000,1.0000,1.0000,1.0000,2.0000,280.0000,2001.0000,1.0000
0.0000,20.7500,10.3350,2.0000,13.0000,8.0000,0.3350,1.0000,1.0000,1.0000,1.0000,2.0000,80.0000,51.0000,1.0000
1.0000,33.1700,1.0000,2.0000,14.0000,4.0000,0.7500,1.0000,1.0000,7.0000,1.0000,2.0000,340.0000,4072.0000,1.0000
1.0000,22.7500,11.0000,2.0000,11.0000,4.0000,2.5000,1.0000,1.0000,7.0000,1.0000,2.0000,100.0000,810.0000,1.0000
1.0000,48.7500,8.5000,2.0000,8.0000,8.0000,12.5000,1.0000,1.0000,9.0000,0.0000,2.0000,181.0000,1656.0000,1.0000
1.0000,40.5800,5.0000,2.0000,8.0000,4.0000,5.0000,1.0000,1.0000,7.0000,0.0000,2.0000,0.0000,3066.0000,1.0000
1.0000,20.6700,0.8350,1.0000,8.0000,4.0000,2.0000,0.0000,0.0000,0.0000,1.0000,1.0000,240.0000,1.0000,0.0000
0.0000,38.7500,1.5000,2.0000,1.0000,1.0000,0.0000,0.0000,0.0000,0.0000,0.0000,2.0000,76.0000,1.0000,0.0000
0.0000,57.0800,19.5000,2.0000,8.0000,4.0000,5.5000,1.0000,1.0000,7.0000,0.0000,2.0000,0.0000,3001.0000,1.0000
0.0000,31.2500,3.7500,2.0000,13.0000,8.0000,0.6250,1.0000,1.0000,9.0000,1.0000,2.0000,181.0000,1.0000,1.0000
1.0000,22.0000,0.7900,2.0000,9.0000,4.0000,0.2900,0.0000,1.0000,1.0000,0.0000,2.0000,420.0000,284.0000,0.0000
0.0000,58.3300,10.0000,2.0000,11.0000,4.0000,4.0000,1.0000,1.0000,14.0000,0.0000,2.0000,0.0000,1603.0000,1.0000
1.0000,28.9200,0.3750,2.0000,8.0000,4.0000,0.2900,0.0000,0.0000,0.0000,0.0000,2.0000,220.0000,141.0000,0.0000
0.0000,46.0000,4.0000,2.0000,5.0000,3.0000,0.0000,1.0000,0.0000,0.0000,0.0000,2.0000,100.0000,961.0000,1.0000
1.0000,21.0000,3.0000,1.0000,2.0000,4.0000,1.0850,1.0000,1.0000,8.0000,1.0000,2.0000,160.0000,2.0000,1.0000
0.0000,24.7500,12.5000,2.0000,6.0000,4.0000,1.5000,1.0000,1.0000,12.0000,1.0000,2.0000,120.0000,568.0000,1.0000
0.0000,20.8300,0.5000,1.0000,10.0000,2.0000,1.0000,0.0000,0.0000,0.0000,0.0000,2.0000,260.0000,1.0000,0.0000
1.0000,24.5800,13.5000,1.0000,1.0000,1.0000,0.0000,0.0000,0.0000,0.0000,0.0000,2.0000,184.0000,1.0000,0.0000
0.0000,26.5000,2.7100,1.0000,8.0000,4.0000,0.0850,0.0000,0.0000,0.0000,0.0000,1.0000,80.0000,1.0000,0.0000
1.0000,40.9200,0.8350,2.0000,1.0000,1.0000,0.0000,1.0000,0.0000,0.0000,0.0000,2.0000,130.0000,2.0000,0.0000
0.0000,38.3300,4.4150,2.0000,8.0000,4.0000,0.1250,0.0000,0.0000,0.0000,0.0000,2.0000,160.0000,1.0000,0.0000
1.0000,19.5800,0.5850,2.0000,1.0000,1.0000,0.0000,0.0000,1.0000,3.0000,0.0000,2.0000,350.0000,770.0000,0.0000
1.0000,39.2500,9.5000,2.0000,7.0000,4.0000,6.5000,1.0000,1.0000,14.0000,0.0000,2.0000,240.0000,4608.0000,1.0000
1.0000,25.7500,0.5000,2.0000,8.0000,4.0000,1.4600,1.0000,1.0000,5.0000,1.0000,2.0000,312.0000,1.0000,1.0000
0.0000,46.0800,3.0000,2.0000,8.0000,4.0000,2.3750,1.0000,1.0000,8.0000,1.0000,2.0000,396.0000,4160.0000,1.0000
1.0000,19.6700,10.0000,1.0000,4.0000,8.0000,0.8350,1.0000,0.0000,0.0000,1.0000,2.0000,140.0000,1.0000,0.0000
0.0000,22.2500,1.2500,1.0000,1.0000,1.0000,3.2500,0.0000,0.0000,0.0000,0.0000,2.0000,280.0000,1.0000,0.0000
1.0000,18.8300,3.5400,1.0000,1.0000,1.0000,0.0000,0.0000,0.0000,0.0000,1.0000,2.0000,180.0000,2.0000,0.0000
1.0000,64.0800,20.0000,2.0000,14.0000,8.0000,17.5000,1.0000,1.0000,9.0000,1.0000,2.0000,0.0000,1001.0000,1.0000
0.0000,16.5000,1.2500,2.0000,11.0000,4.0000,0.2500,0.0000,1.0000,1.0000,0.0000,2.0000,108.0000,99.0000,0.0000
0.0000,68.6700,15.0000,2.0000,10.0000,9.0000,0.0000,1.0000,1.0000,14.0000,0.0000,2.0000,0.0000,3377.0000,1.0000
1.0000,76.7500,22.2900,2.0000,10.0000,9.0000,12.7500,1.0000,1.0000,1.0000,1.0000,2.0000,0.0000,110.0000,1.0000
0.0000,15.9200,2.8750,2.0000,11.0000,4.0000,0.0850,0.0000,0.0000,0.0000,0.0000,2.0000,120.0000,1.0000,0.0000
1.0000,34.8300,4.0000,2.0000,2.0000,5.0000,12.5000,1.0000,0.0000,0.0000,1.0000,2.0000,184.0000,1.0000,0.0000
0.0000,47.4200,8.0000,2.0000,10.0000,5.0000,6.5000,1.0000,1.0000,6.0000,0.0000,2.0000,375.0000,51101.0000,1.0000
1.0000,23.1700,0.0000,2.0000,8.0000,4.0000,0.0000,0.0000,0.0000,0.0000,0.0000,3.0000,184.0000,1.0000,1.0000
1.0000,45.1700,1.5000,2.0000,8.0000,4.0000,2.5000,1.0000,0.0000,0.0000,1.0000,2.0000,140.0000,1.0000,0.0000
1.0000,15.1700,7.0000,2.0000,10.0000,4.0000,1.0000,0.0000,0.0000,0.0000,0.0000,2.0000,600.0000,1.0000,0.0000
1.0000,18.8300,0.4150,1.0000,8.0000,4.0000,0.1650,0.0000,1.0000,1.0000,0.0000,2.0000,200.0000,2.0000,0.0000
1.0000,52.5000,6.5000,2.0000,4.0000,4.0000,6.2900,1.0000,1.0000,15.0000,0.0000,2.0000,0.0000,11203.0000,1.0000
1.0000,19.1700,0.0000,1.0000,7.0000,5.0000,0.0000,0.0000,0.0000,0.0000,1.0000,1.0000,500.0000,2.0000,1.0000
1.0000,18.0000,0.1650,2.0000,11.0000,7.0000,0.2100,0.0000,0.0000,0.0000,0.0000,2.0000,200.0000,41.0000,1.0000
1.0000,37.5000,0.8350,2.0000,10.0000,4.0000,0.0400,0.0000,0.0000,0.0000,0.0000,2.0000,120.0000,6.0000,0.0000
1.0000,22.6700,1.5850,1.0000,9.0000,4.0000,3.0850,1.0000,1.0000,6.0000,0.0000,2.0000,80.0000,1.0000,1.0000
1.0000,47.8300,4.1650,2.0000,14.0000,5.0000,0.0850,0.0000,0.0000,0.0000,1.0000,2.0000,520.0000,1.0000,0.0000
1.0000,34.0800,2.5000,2.0000,8.0000,4.0000,1.0000,0.0000,0.0000,0.0000,0.0000,2.0000,460.0000,17.0000,0.0000
0.0000,33.0800,1.6250,2.0000,2.0000,4.0000,0.5400,0.0000,0.0000,0.0000,1.0000,2.0000,0.0000,1.0000,0.0000
1.0000,43.0800,0.3750,1.0000,8.0000,4.0000,0.3750,1.0000,1.0000,8.0000,1.0000,2.0000,300.0000,163.0000,1.0000
1.0000,34.5000,4.0400,1.0000,3.0000,5.0000,8.5000,1.0000,1.0000,7.0000,1.0000,2.0000,195.0000,1.0000,1.0000
1.0000,42.7500,3.0000,2.0000,3.0000,5.0000,1.0000,1.0000,0.0000,0.0000,0.0000,2.0000,0.0000,201.0000,0.0000
1.0000,18.2500,0.1650,2.0000,2.0000,4.0000,0.2500,0.0000,0.0000,0.0000,1.0000,1.0000,280.0000,1.0000,0.0000
1.0000,23.0800,2.5000,2.0000,1.0000,1.0000,0.0850,0.0000,0.0000,0.0000,1.0000,2.0000,100.0000,4209.0000,0.0000
0.0000,22.5000,8.4600,1.0000,14.0000,4.0000,2.4600,0.0000,0.0000,0.0000,0.0000,2.0000,164.0000,1.0000,1.0000
1.0000,17.9200,0.2050,2.0000,6.0000,4.0000,0.0400,0.0000,0.0000,0.0000,0.0000,2.0000,280.0000,751.0000,0.0000
1.0000,18.4200,10.4150,1.0000,6.0000,4.0000,0.1250,1.0000,0.0000,0.0000,0.0000,2.0000,120.0000,376.0000,0.0000
0.0000,27.6700,1.5000,2.0000,7.0000,4.0000,2.0000,1.0000,0.0000,0.0000,0.0000,1.0000,368.0000,1.0000,0.0000
0.0000,18.9200,9.2500,1.0000,8.0000,4.0000,1.0000,1.0000,1.0000,4.0000,1.0000,2.0000,80.0000,501.0000,1.0000
1.0000,22.6700,0.7500,2.0000,3.0000,4.0000,1.5850,0.0000,1.0000,1.0000,1.0000,2.0000,400.0000,10.0000,0.0000
1.0000,62.5000,12.7500,1.0000,8.0000,8.0000,5.0000,1.0000,0.0000,0.0000,0.0000,2.0000,112.0000,1.0000,0.0000
0.0000,23.5000,9.0000,2.0000,11.0000,4.0000,8.5000,1.0000,1.0000,5.0000,1.0000,2.0000,120.0000,1.0000,1.0000
1.0000,35.2500,3.1650,2.0000,14.0000,8.0000,3.7500,1.0000,0.0000,0.0000,1.0000,2.0000,680.0000,1.0000,0.0000
0.0000,56.8300,4.2500,1.0000,1.0000,1.0000,5.0000,0.0000,0.0000,0.0000,1.0000,2.0000,0.0000,5.0000,0.0000
0.0000,53.3300,0.1650,2.0000,1.0000,1.0000,0.0000,0.0000,0.0000,0.0000,1.0000,1.0000,62.0000,28.0000,0.0000
1.0000,41.1700,4.0400,2.0000,13.0000,8.0000,7.0000,1.0000,1.0000,8.0000,0.0000,2.0000,320.0000,1.0000,1.0000
1.0000,42.1700,5.0400,2.0000,11.0000,8.0000,12.7500,1.0000,0.0000,0.0000,1.0000,2.0000,92.0000,1.0000,1.0000
1.0000,41.1700,1.2500,1.0000,9.0000,4.0000,0.2500,0.0000,0.0000,0.0000,0.0000,2.0000,0.0000,196.0000,0.0000
0.0000,33.7500,0.7500,2.0000,4.0000,5.0000,1.0000,1.0000,1.0000,3.0000,1.0000,2.0000,212.0000,1.0000,0.0000
1.0000,25.6700,12.5000,2.0000,13.0000,4.0000,1.2100,1.0000,1.0000,67.0000,1.0000,2.0000,140.0000,259.0000,1.0000
1.0000,24.3300,6.6250,1.0000,2.0000,4.0000,5.5000,1.0000,0.0000,0.0000,1.0000,1.0000,100.0000,1.0000,1.0000
1.0000,23.3300,11.6250,1.0000,9.0000,4.0000,0.8350,1.0000,0.0000,0.0000,1.0000,2.0000,160.0000,301.0000,1.0000
1.0000,30.6700,2.5000,2.0000,13.0000,8.0000,2.2500,0.0000,0.0000,0.0000,1.0000,1.0000,340.0000,1.0000,0.0000
1.0000,37.1700,4.0000,2.0000,8.0000,5.0000,5.0000,1.0000,0.0000,0.0000,1.0000,1.0000,280.0000,1.0000,0.0000
1.0000,26.2500,1.5400,2.0000,9.0000,4.0000,0.1250,0.0000,0.0000,0.0000,0.0000,2.0000,100.0000,1.0000,0.0000
0.0000,29.7500,0.6650,2.0000,9.0000,4.0000,0.2500,0.0000,0.0000,0.0000,1.0000,2.0000,300.0000,1.0000,0.0000
0.0000,23.0000,1.8350,2.0000,5.0000,3.0000,0.0000,0.0000,1.0000,1.0000,0.0000,2.0000,200.0000,54.0000,0.0000
1.0000,17.2500,3.0000,2.0000,4.0000,4.0000,0.0400,0.0000,0.0000,0.0000,1.0000,2.0000,160.0000,41.0000,0.0000
1.0000,29.2500,14.7900,2.0000,6.0000,4.0000,5.0400,1.0000,1.0000,5.0000,1.0000,2.0000,168.0000,1.0000,1.0000
0.0000,28.5800,3.5400,2.0000,3.0000,5.0000,0.5000,1.0000,0.0000,0.0000,1.0000,2.0000,171.0000,1.0000,0.0000
1.0000,34.5800,0.0000,2.0000,8.0000,4.0000,0.0000,0.0000,0.0000,0.0000,0.0000,3.0000,184.0000,1.0000,0.0000
1.0000,23.4200,0.5850,2.0000,8.0000,8.0000,0.0850,1.0000,0.0000,0.0000,0.0000,2.0000,180.0000,1.0000,0.0000
1.0000,25.0000,11.2500,2.0000,8.0000,4.0000,2.5000,1.0000,1.0000,17.0000,0.0000,2.0000,200.0000,1209.0000,1.0000
0.0000,18.7500,7.5000,2.0000,11.0000,4.0000,2.7100,1.0000,1.0000,5.0000,0.0000,2.0000,184.0000,26727.0000,1.0000
1.0000,17.0800,0.2500,2.0000,11.0000,4.0000,0.3350,0.0000,1.0000,4.0000,0.0000,2.0000,160.0000,9.0000,0.0000
0.0000,16.0800,0.3350,2.0000,1.0000,1.0000,0.0000,0.0000,1.0000,1.0000,0.0000,2.0000,160.0000,127.0000,0.0000
1.0000,32.9200,2.5000,2.0000,6.0000,4.0000,1.7500,0.0000,1.0000,2.0000,1.0000,2.0000,720.0000,1.0000,0.0000
0.0000,20.3300,10.0000,2.0000,8.0000,8.0000,1.0000,1.0000,1.0000,4.0000,0.0000,2.0000,50.0000,1466.0000,1.0000
0.0000,21.7500,1.7500,1.0000,5.0000,3.0000,0.0000,0.0000,0.0000,0.0000,0.0000,2.0000,160.0000,1.0000,0.0000
1.0000,33.1700,1.0400,2.0000,12.0000,8.0000,6.5000,1.0000,0.0000,0.0000,1.0000,2.0000,164.0000,31286.0000,1.0000
0.0000,25.3300,2.0850,2.0000,8.0000,8.0000,2.7500,1.0000,0.0000,0.0000,1.0000,2.0000,360.0000,2.0000,0.0000
0.0000,24.7500,3.0000,2.0000,11.0000,8.0000,1.8350,1.0000,1.0000,19.0000,0.0000,2.0000,0.0000,501.0000,1.0000
1.0000,30.8300,0.0000,2.0000,9.0000,4.0000,1.2500,1.0000,1.0000,1.0000,0.0000,2.0000,202.0000,1.0000,1.0000
1.0000,20.7500,5.0850,1.0000,5.0000,4.0000,0.2900,0.0000,0.0000,0.0000,0.0000,2.0000,140.0000,185.0000,0.0000
0.0000,40.3300,8.1250,1.0000,4.0000,4.0000,0.1650,0.0000,1.0000,2.0000,0.0000,2.0000,184.0000,19.0000,0.0000
1.0000,29.4200,1.2500,2.0000,8.0000,8.0000,0.2500,0.0000,1.0000,2.0000,1.0000,2.0000,400.0000,109.0000,0.0000
1.0000,40.9200,0.5000,1.0000,7.0000,4.0000,0.5000,0.0000,0.0000,0.0000,1.0000,2.0000,130.0000,1.0000,0.0000
0.0000,29.5000,0.4600,2.0000,4.0000,4.0000,0.5400,1.0000,1.0000,4.0000,0.0000,2.0000,380.0000,501.0000,1.0000
1.0000,54.4200,0.5000,1.0000,4.0000,8.0000,3.9600,1.0000,0.0000,0.0000,0.0000,2.0000,180.0000,315.0000,1.0000
1.0000,34.0000,5.5000,1.0000,8.0000,4.0000,1.5000,0.0000,0.0000,0.0000,1.0000,2.0000,60.0000,1.0000,0.0000
1.0000,25.0000,12.0000,2.0000,4.0000,4.0000,2.2500,1.0000,1.0000,2.0000,1.0000,2.0000,120.0000,6.0000,0.0000
0.0000,26.5800,2.5400,1.0000,1.0000,1.0000,0.0000,0.0000,0.0000,0.0000,1.0000,2.0000,180.0000,61.0000,0.0000
0.0000,33.0800,4.6250,2.0000,11.0000,8.0000,1.6250,1.0000,1.0000,2.0000,0.0000,2.0000,0.0000,1.0000,1.0000
1.0000,33.6700,2.1650,2.0000,8.0000,4.0000,1.5000,0.0000,0.0000,0.0000,0.0000,3.0000,120.0000,1.0000,0.0000
1.0000,36.1700,5.5000,2.0000,3.0000,5.0000,5.0000,0.0000,0.0000,0.0000,0.0000,2.0000,210.0000,688.0000,0.0000
1.0000,19.5000,0.2900,2.0000,4.0000,4.0000,0.2900,0.0000,0.0000,0.0000,0.0000,2.0000,280.0000,365.0000,0.0000
1.0000,24.1700,0.8750,2.0000,11.0000,4.0000,4.6250,1.0000,1.0000,2.0000,1.0000,2.0000,520.0000,2001.0000,1.0000
0.0000,30.5000,6.5000,2.0000,8.0000,5.0000,4.0000,1.0000,1.0000,7.0000,1.0000,2.0000,0.0000,3066.0000,1.0000
1.0000,20.0000,7.0000,2.0000,8.0000,4.0000,0.5000,0.0000,0.0000,0.0000,0.0000,2.0000,0.0000,1.0000,0.0000
1.0000,25.3300,0.5800,2.0000,8.0000,4.0000,0.2900,1.0000,1.0000,7.0000,1.0000,2.0000,96.0000,5125.0000,1.0000
1.0000,29.5800,4.7500,2.0000,7.0000,4.0000,2.0000,0.0000,1.0000,1.0000,1.0000,2.0000,460.0000,69.0000,0.0000
1.0000,43.1700,2.2500,2.0000,3.0000,5.0000,0.7500,1.0000,0.0000,0.0000,0.0000,2.0000,560.0000,1.0000,0.0000
1.0000,28.7500,1.1650,2.0000,4.0000,4.0000,0.5000,1.0000,0.0000,0.0000,0.0000,1.0000,280.0000,1.0000,0.0000
1.0000,31.5700,3.0000,1.0000,3.0000,5.0000,7.0000,0.0000,0.0000,0.0000,0.0000,2.0000,0.0000,2.0000,0.0000
1.0000,20.2500,9.9600,2.0000,10.0000,2.0000,0.0000,1.0000,0.0000,0.0000,0.0000,2.0000,0.0000,1.0000,1.0000
1.0000,45.0000,8.5000,2.0000,13.0000,8.0000,14.0000,1.0000,1.0000,1.0000,1.0000,2.0000,88.0000,2001.0000,1.0000
0.0000,22.8300,2.2900,2.0000,11.0000,8.0000,2.2900,1.0000,1.0000,7.0000,1.0000,2.0000,140.0000,2385.0000,1.0000
0.0000,20.6700,3.0000,2.0000,11.0000,4.0000,0.1650,1.0000,1.0000,3.0000,0.0000,2.0000,100.0000,7.0000,1.0000
1.0000,27.8300,1.5000,2.0000,9.0000,4.0000,2.2500,0.0000,1.0000,1.0000,1.0000,2.0000,100.0000,4.0000,0.0000
1.0000,40.9200,2.2500,1.0000,14.0000,8.0000,10.0000,1.0000,0.0000,0.0000,1.0000,2.0000,176.0000,1.0000,0.0000
1.0000,56.4200,28.0000,1.0000,8.0000,4.0000,28.5000,1.0000,1.0000,40.0000,0.0000,2.0000,0.0000,16.0000,1.0000
0.0000,64.0800,0.1650,2.0000,1.0000,1.0000,0.0000,1.0000,1.0000,1.0000,0.0000,2.0000,232.0000,101.0000,1.0000
0.0000,22.4200,11.2500,1.0000,14.0000,8.0000,0.7500,1.0000,1.0000,4.0000,0.0000,2.0000,0.0000,322.0000,1.0000
0.0000,24.3300,2.5000,1.0000,3.0000,5.0000,4.5000,0.0000,0.0000,0.0000,0.0000,2.0000,200.0000,457.0000,0.0000
0.0000,69.5000,6.0000,2.0000,1.0000,1.0000,0.0000,0.0000,0.0000,0.0000,0.0000,1.0000,0.0000,1.0000,0.0000
1.0000,35.5800,0.7500,2.0000,4.0000,4.0000,1.5000,0.0000,0.0000,0.0000,1.0000,2.0000,231.0000,1.0000,0.0000
1.0000,48.3300,12.0000,2.0000,7.0000,4.0000,16.0000,1.0000,0.0000,0.0000,0.0000,1.0000,110.0000,1.0000,1.0000
0.0000,28.0800,15.0000,1.0000,10.0000,9.0000,0.0000,1.0000,0.0000,0.0000,0.0000,2.0000,0.0000,13213.0000,1.0000
1.0000,35.1700,2.5000,2.0000,4.0000,4.0000,4.5000,1.0000,1.0000,7.0000,0.0000,2.0000,150.0000,1271.0000,1.0000
1.0000,49.5000,7.5850,2.0000,3.0000,5.0000,7.5850,1.0000,1.0000,15.0000,1.0000,2.0000,0.0000,5001.0000,1.0000
1.0000,80.2500,5.5000,2.0000,8.0000,4.0000,0.5400,1.0000,0.0000,0.0000,0.0000,2.0000,0.0000,341.0000,0.0000
1.0000,29.2500,13.0000,2.0000,2.0000,8.0000,0.5000,0.0000,0.0000,0.0000,0.0000,2.0000,228.0000,1.0000,0.0000
0.0000,16.9200,0.5000,2.0000,3.0000,4.0000,0.1650,0.0000,1.0000,6.0000,1.0000,2.0000,240.0000,36.0000,0.0000
0.0000,16.0000,0.1650,2.0000,6.0000,4.0000,1.0000,0.0000,1.0000,2.0000,1.0000,2.0000,320.0000,2.0000,0.0000
1.0000,60.0800,14.5000,2.0000,1.0000,1.0000,18.0000,1.0000,1.0000,15.0000,1.0000,2.0000,0.0000,1001.0000,1.0000
1.0000,28.0000,2.0000,2.0000,4.0000,8.0000,4.1650,1.0000,1.0000,2.0000,1.0000,2.0000,181.0000,1.0000,1.0000
1.0000,41.5000,1.5400,2.0000,3.0000,5.0000,3.5000,0.0000,0.0000,0.0000,0.0000,2.0000,216.0000,1.0000,1.0000
1.0000,24.0800,9.0000,2.0000,6.0000,4.0000,0.2500,0.0000,0.0000,0.0000,1.0000,2.0000,0.0000,1.0000,0.0000
1.0000,24.5000,13.3350,1.0000,6.0000,4.0000,0.0400,0.0000,0.0000,0.0000,1.0000,2.0000,120.0000,476.0000,0.0000
1.0000,34.7500,15.0000,2.0000,12.0000,7.0000,5.3750,1.0000,1.0000,9.0000,1.0000,2.0000,0.0000,135.0000,1.0000
1.0000,33.6700,1.2500,2.0000,9.0000,4.0000,1.1650,0.0000,0.0000,0.0000,0.0000,2.0000,120.0000,1.0000,0.0000
0.0000,40.8300,10.0000,2.0000,11.0000,8.0000,1.7500,1.0000,0.0000,0.0000,0.0000,2.0000,29.0000,838.0000,1.0000
1.0000,20.4200,1.8350,2.0000,8.0000,4.0000,2.2500,1.0000,1.0000,1.0000,0.0000,2.0000,100.0000,151.0000,1.0000
1.0000,37.5000,1.1250,1.0000,2.0000,4.0000,1.5000,0.0000,0.0000,0.0000,1.0000,2.0000,431.0000,1.0000,1.0000
1.0000,48.5000,4.2500,2.0000,7.0000,4.0000,0.1250,1.0000,0.0000,0.0000,1.0000,2.0000,225.0000,1.0000,1.0000
1.0000,23.0000,0.7500,2.0000,7.0000,4.0000,0.5000,0.0000,0.0000,0.0000,1.0000,1.0000,320.0000,1.0000,0.0000
1.0000,35.0000,3.3750,2.0000,8.0000,8.0000,8.2900,0.0000,0.0000,0.0000,1.0000,2.0000,0.0000,1.0000,0.0000
1.0000,16.3300,2.7500,2.0000,6.0000,4.0000,0.6650,0.0000,1.0000,1.0000,0.0000,2.0000,80.0000,22.0000,0.0000
1.0000,22.6700,10.5000,2.0000,11.0000,8.0000,1.3350,1.0000,0.0000,0.0000,0.0000,2.0000,100.0000,1.0000,1.0000
0.0000,21.7500,11.7500,2.0000,8.0000,4.0000,0.2500,0.0000,0.0000,0.0000,1.0000,2.0000,180.0000,1.0000,0.0000
0.0000,25.0800,2.5400,1.0000,6.0000,4.0000,0.2500,1.0000,0.0000,0.0000,1.0000,2.0000,370.0000,1.0000,1.0000
1.0000,36.3300,2.1250,1.0000,9.0000,4.0000,0.0850,1.0000,1.0000,1.0000,0.0000,2.0000,50.0000,1188.0000,1.0000
0.0000,28.5800,3.7500,2.0000,8.0000,4.0000,0.2500,0.0000,1.0000,1.0000,1.0000,2.0000,40.0000,155.0000,0.0000
1.0000,22.1700,12.1250,2.0000,8.0000,4.0000,3.3350,0.0000,1.0000,2.0000,1.0000,2.0000,180.0000,174.0000,0.0000
1.0000,34.1700,1.5400,2.0000,13.0000,4.0000,1.5400,1.0000,1.0000,1.0000,1.0000,2.0000,520.0000,50001.0000,1.0000
1.0000,35.0000,2.5000,2.0000,3.0000,4.0000,1.0000,0.0000,0.0000,0.0000,1.0000,2.0000,210.0000,1.0000,0.0000
1.0000,28.5800,3.6250,2.0000,6.0000,4.0000,0.2500,0.0000,0.0000,0.0000,1.0000,2.0000,100.0000,1.0000,0.0000
0.0000,19.1700,5.4150,2.0000,3.0000,8.0000,0.2900,0.0000,0.0000,0.0000,0.0000,2.0000,80.0000,485.0000,0.0000
1.0000,23.2500,1.0000,2.0000,8.0000,4.0000,0.8350,1.0000,0.0000,0.0000,0.0000,1.0000,300.0000,1.0000,1.0000
1.0000,16.5000,0.1250,2.0000,8.0000,4.0000,0.1650,0.0000,0.0000,0.0000,0.0000,2.0000,132.0000,1.0000,0.0000
0.0000,20.0800,0.1250,2.0000,11.0000,4.0000,1.0000,0.0000,1.0000,1.0000,0.0000,2.0000,240.0000,769.0000,1.0000
1.0000,22.3300,11.0000,2.0000,9.0000,4.0000,2.0000,1.0000,1.0000,1.0000,0.0000,2.0000,80.0000,279.0000,1.0000
1.0000,34.0000,5.0850,1.0000,3.0000,5.0000,1.0850,0.0000,0.0000,0.0000,1.0000,2.0000,480.0000,1.0000,0.0000
0.0000,57.0800,0.3350,2.0000,3.0000,5.0000,1.0000,1.0000,0.0000,0.0000,1.0000,2.0000,252.0000,2198.0000,0.0000
1.0000,16.2500,0.8350,2.0000,7.0000,4.0000,0.0850,1.0000,0.0000,0.0000,0.0000,1.0000,200.0000,1.0000,0.0000
1.0000,32.8300,2.5000,2.0000,13.0000,8.0000,2.7500,1.0000,1.0000,6.0000,0.0000,2.0000,160.0000,2073.0000,1.0000
1.0000,48.2500,25.0850,2.0000,9.0000,4.0000,1.7500,1.0000,1.0000,3.0000,0.0000,2.0000,120.0000,15.0000,1.0000
1.0000,34.1700,2.7500,2.0000,3.0000,5.0000,2.5000,0.0000,0.0000,0.0000,1.0000,2.0000,232.0000,201.0000,0.0000
1.0000,18.3300,1.2100,1.0000,10.0000,2.0000,0.0000,0.0000,0.0000,0.0000,0.0000,2.0000,100.0000,1.0000,0.0000
1.0000,44.2500,0.5000,2.0000,7.0000,4.0000,10.7500,1.0000,0.0000,0.0000,0.0000,1.0000,400.0000,1.0000,0.0000
1.0000,38.9200,1.7500,2.0000,4.0000,4.0000,0.5000,0.0000,0.0000,0.0000,1.0000,2.0000,300.0000,3.0000,0.0000
1.0000,31.5800,0.7500,1.0000,6.0000,4.0000,3.5000,0.0000,0.0000,0.0000,1.0000,2.0000,320.0000,1.0000,0.0000
1.0000,25.0800,1.7100,2.0000,14.0000,4.0000,1.6650,1.0000,1.0000,1.0000,1.0000,2.0000,395.0000,21.0000,1.0000
1.0000,65.4200,11.0000,2.0000,10.0000,9.0000,20.0000,1.0000,1.0000,7.0000,1.0000,2.0000,22.0000,1.0000,1.0000
1.0000,41.3300,0.0000,2.0000,8.0000,5.0000,15.0000,1.0000,0.0000,0.0000,0.0000,2.0000,0.0000,1.0000,1.0000
1.0000,31.2500,1.1250,2.0000,1.0000,1.0000,0.0000,0.0000,1.0000,1.0000,0.0000,2.0000,96.0000,20.0000,0.0000
0.0000,36.7500,4.7100,2.0000,1.0000,1.0000,0.0000,0.0000,0.0000,0.0000,0.0000,2.0000,160.0000,1.0000,0.0000
1.0000,32.3300,7.5000,2.0000,10.0000,5.0000,1.5850,1.0000,0.0000,0.0000,1.0000,1.0000,420.0000,1.0000,0.0000
0.0000,31.9200,3.1250,2.0000,1.0000,1.0000,3.0400,0.0000,1.0000,2.0000,1.0000,2.0000,200.0000,5.0000,0.0000
1.0000,24.8300,2.7500,2.0000,8.0000,4.0000,2.2500,1.0000,1.0000,6.0000,0.0000,2.0000,184.0000,601.0000,1.0000
1.0000,21.9200,0.5400,1.0000,14.0000,4.0000,0.0400,1.0000,1.0000,1.0000,1.0000,2.0000,840.0000,60.0000,1.0000
1.0000,34.2500,3.0000,2.0000,13.0000,8.0000,7.4150,1.0000,0.0000,0.0000,1.0000,2.0000,0.0000,1.0000,1.0000
1.0000,51.8300,3.0000,1.0000,1.0000,1.0000,1.5000,0.0000,0.0000,0.0000,0.0000,2.0000,180.0000,5.0000,0.0000
0.0000,31.5700,1.5000,2.0000,1.0000,1.0000,0.0000,0.0000,1.0000,2.0000,1.0000,2.0000,200.0000,106.0000,0.0000
1.0000,38.4200,0.7050,2.0000,8.0000,4.0000,0.3750,0.0000,1.0000,2.0000,0.0000,2.0000,225.0000,501.0000,0.0000
1.0000,39.1700,1.7100,2.0000,14.0000,4.0000,0.1250,1.0000,1.0000,5.0000,1.0000,2.0000,480.0000,1.0000,1.0000
1.0000,18.1700,2.4600,2.0000,8.0000,7.0000,0.9600,0.0000,1.0000,2.0000,1.0000,2.0000,160.0000,588.0000,0.0000
1.0000,39.0000,5.0000,2.0000,13.0000,4.0000,3.5000,1.0000,1.0000,10.0000,1.0000,2.0000,0.0000,1.0000,1.0000
1.0000,20.0000,11.0450,2.0000,8.0000,4.0000,2.0000,0.0000,0.0000,0.0000,1.0000,2.0000,136.0000,1.0000,0.0000
1.0000,32.7500,2.3350,2.0000,2.0000,8.0000,5.7500,0.0000,0.0000,0.0000,1.0000,2.0000,292.0000,1.0000,0.0000
1.0000,18.5800,5.7100,2.0000,2.0000,4.0000,0.5400,0.0000,0.0000,0.0000,0.0000,2.0000,120.0000,1.0000,0.0000
0.0000,15.8300,7.6250,2.0000,11.0000,4.0000,0.1250,0.0000,1.0000,1.0000,1.0000,2.0000,0.0000,161.0000,0.0000
1.0000,39.3300,5.8750,2.0000,13.0000,8.0000,10.0000,1.0000,1.0000,14.0000,1.0000,2.0000,399.0000,1.0000,1.0000
0.0000,19.5800,0.6650,2.0000,9.0000,4.0000,1.6650,0.0000,0.0000,0.0000,0.0000,2.0000,220.0000,6.0000,0.0000
1.0000,21.3300,10.5000,2.0000,8.0000,4.0000,3.0000,1.0000,0.0000,0.0000,1.0000,2.0000,0.0000,1.0000,1.0000
0.0000,22.6700,0.7500,2.0000,8.0000,4.0000,2.0000,0.0000,1.0000,2.0000,1.0000,2.0000,200.0000,395.0000,0.0000
1.0000,25.6700,3.2500,2.0000,8.0000,8.0000,2.2900,0.0000,1.0000,1.0000,1.0000,2.0000,416.0000,22.0000,0.0000
1.0000,21.0800,10.0850,1.0000,10.0000,8.0000,1.2500,0.0000,0.0000,0.0000,0.0000,2.0000,260.0000,1.0000,0.0000
0.0000,49.0000,1.5000,2.0000,5.0000,3.0000,0.0000,1.0000,0.0000,0.0000,1.0000,2.0000,100.0000,28.0000,0.0000
1.0000,20.6700,5.2900,2.0000,11.0000,4.0000,0.3750,1.0000,1.0000,1.0000,0.0000,2.0000,160.0000,1.0000,0.0000
0.0000,19.6700,0.2100,2.0000,11.0000,8.0000,0.2900,1.0000,1.0000,11.0000,0.0000,2.0000,80.0000,100.0000,1.0000
1.0000,21.8300,0.2500,2.0000,2.0000,8.0000,0.6650,1.0000,0.0000,0.0000,1.0000,2.0000,0.0000,1.0000,1.0000
1.0000,26.8300,0.5400,2.0000,4.0000,1.0000,0.0000,0.0000,0.0000,0.0000,0.0000,2.0000,100.0000,1.0000,0.0000
0.0000,38.5800,5.0000,2.0000,13.0000,4.0000,13.5000,1.0000,0.0000,0.0000,1.0000,2.0000,980.0000,1.0000,0.0000
0.0000,50.0800,12.5400,2.0000,6.0000,4.0000,2.2900,1.0000,1.0000,3.0000,1.0000,2.0000,156.0000,1.0000,1.0000
0.0000,15.7500,0.3750,2.0000,8.0000,4.0000,1.0000,0.0000,0.0000,0.0000,0.0000,2.0000,120.0000,19.0000,0.0000
0.0000,24.5000,12.7500,2.0000,8.0000,5.0000,4.7500,1.0000,1.0000,2.0000,0.0000,2.0000,73.0000,445.0000,1.0000
1.0000,21.0000,4.7900,1.0000,9.0000,4.0000,2.2500,1.0000,1.0000,1.0000,1.0000,2.0000,80.0000,301.0000,1.0000
1.0000,22.0800,11.0000,2.0000,13.0000,4.0000,0.6650,1.0000,0.0000,0.0000,0.0000,2.0000,100.0000,1.0000,1.0000
1.0000,54.5800,9.4150,2.0000,1.0000,1.0000,14.4150,1.0000,1.0000,11.0000,1.0000,2.0000,30.0000,301.0000,1.0000
1.0000,18.0800,5.5000,2.0000,4.0000,4.0000,0.5000,1.0000,0.0000,0.0000,0.0000,2.0000,80.0000,1.0000,1.0000
1.0000,36.6700,4.4150,1.0000,4.0000,4.0000,0.2500,1.0000,1.0000,10.0000,1.0000,2.0000,320.0000,1.0000,1.0000
1.0000,38.1700,10.1250,2.0000,14.0000,4.0000,2.5000,1.0000,1.0000,6.0000,0.0000,2.0000,520.0000,197.0000,1.0000
1.0000,21.8300,1.5400,2.0000,4.0000,4.0000,0.0850,0.0000,0.0000,0.0000,1.0000,2.0000,356.0000,1.0000,0.0000
0.0000,51.9200,6.5000,2.0000,3.0000,5.0000,3.0850,0.0000,0.0000,0.0000,1.0000,2.0000,73.0000,1.0000,0.0000
1.0000,22.1700,2.2500,2.0000,3.0000,4.0000,0.1250,0.0000,0.0000,0.0000,0.0000,2.0000,160.0000,11.0000,0.0000
1.0000,52.4200,1.5000,2.0000,2.0000,4.0000,3.7500,0.0000,0.0000,0.0000,1.0000,2.0000,0.0000,351.0000,0.0000
0.0000,60.9200,5.0000,2.0000,6.0000,4.0000,4.0000,1.0000,1.0000,4.0000,0.0000,2.0000,0.0000,100.0000,1.0000
1.0000,20.1700,5.6250,2.0000,9.0000,4.0000,1.7100,1.0000,0.0000,0.0000,0.0000,1.0000,120.0000,1.0000,1.0000
1.0000,23.2500,4.0000,2.0000,8.0000,5.0000,0.2500,1.0000,0.0000,0.0000,1.0000,2.0000,160.0000,1.0000,1.0000
1.0000,36.1700,0.4200,1.0000,9.0000,4.0000,0.2900,0.0000,0.0000,0.0000,1.0000,2.0000,309.0000,3.0000,0.0000
0.0000,42.2500,1.7500,1.0000,8.0000,4.0000,0.0000,0.0000,0.0000,0.0000,1.0000,2.0000,150.0000,2.0000,0.0000
1.0000,23.5800,0.8350,2.0000,3.0000,8.0000,0.0850,0.0000,0.0000,0.0000,1.0000,2.0000,220.0000,6.0000,0.0000
0.0000,36.0000,1.0000,2.0000,8.0000,4.0000,2.0000,1.0000,1.0000,11.0000,0.0000,2.0000,0.0000,457.0000,1.0000
1.0000,39.5800,5.0000,2.0000,1.0000,1.0000,0.0000,0.0000,1.0000,2.0000,0.0000,2.0000,17.0000,2.0000,0.0000
0.0000,18.8300,4.4150,1.0000,8.0000,8.0000,3.0000,1.0000,0.0000,0.0000,0.0000,2.0000,240.0000,1.0000,1.0000
1.0000,27.2500,0.6250,2.0000,6.0000,4.0000,0.4550,1.0000,0.0000,0.0000,1.0000,2.0000,200.0000,1.0000,0.0000
1.0000,32.4200,3.0000,2.0000,2.0000,4.0000,0.1650,0.0000,0.0000,0.0000,1.0000,2.0000,120.0000,1.0000,0.0000
1.0000,19.4200,1.5000,1.0000,13.0000,4.0000,2.0000,1.0000,0.0000,0.0000,1.0000,2.0000,100.0000,21.0000,0.0000
0.0000,22.5800,10.7500,2.0000,11.0000,4.0000,0.4150,1.0000,1.0000,5.0000,1.0000,2.0000,0.0000,561.0000,1.0000
1.0000,39.9200,6.2100,2.0000,11.0000,4.0000,0.0400,1.0000,1.0000,1.0000,0.0000,2.0000,200.0000,301.0000,1.0000
1.0000,22.6700,0.1650,2.0000,8.0000,3.0000,2.2500,0.0000,0.0000,0.0000,1.0000,1.0000,0.0000,1.0000,1.0000
0.0000,23.4200,0.7900,1.0000,11.0000,4.0000,1.5000,1.0000,1.0000,2.0000,1.0000,2.0000,80.0000,401.0000,1.0000
0.0000,30.0000,5.2900,2.0000,10.0000,2.0000,2.2500,1.0000,1.0000,5.0000,1.0000,2.0000,99.0000,501.0000,1.0000
0.0000,40.3300,7.5400,1.0000,11.0000,8.0000,8.0000,1.0000,1.0000,14.0000,0.0000,2.0000,0.0000,2301.0000,1.0000
0.0000,36.7500,5.1250,2.0000,10.0000,4.0000,5.0000,1.0000,0.0000,0.0000,1.0000,2.0000,0.0000,4001.0000,1.0000
1.0000,31.0000,2.0850,2.0000,8.0000,4.0000,0.0850,0.0000,0.0000,0.0000,0.0000,2.0000,300.0000,1.0000,0.0000
0.0000,25.1700,2.8750,2.0000,14.0000,8.0000,0.8750,1.0000,0.0000,0.0000,0.0000,2.0000,360.0000,1.0000,1.0000
1.0000,27.4200,12.5000,2.0000,6.0000,5.0000,0.2500,0.0000,0.0000,0.0000,1.0000,2.0000,720.0000,1.0000,0.0000
1.0000,31.5700,4.0000,2.0000,14.0000,4.0000,5.0000,1.0000,1.0000,3.0000,1.0000,2.0000,290.0000,2280.0000,1.0000
1.0000,34.0800,6.5000,2.0000,6.0000,4.0000,0.1250,1.0000,0.0000,0.0000,1.0000,2.0000,443.0000,1.0000,0.0000
1.0000,22.0800,2.3350,2.0000,4.0000,4.0000,0.7500,0.0000,0.0000,0.0000,0.0000,2.0000,180.0000,1.0000,0.0000
1.0000,31.0800,3.0850,2.0000,8.0000,4.0000,2.5000,0.0000,1.0000,2.0000,1.0000,2.0000,160.0000,42.0000,0.0000
1.0000,31.5700,0.5000,2.0000,8.0000,5.0000,0.8350,1.0000,0.0000,0.0000,1.0000,1.0000,320.0000,1.0000,0.0000
1.0000,16.0000,3.1250,2.0000,9.0000,4.0000,0.0850,0.0000,1.0000,1.0000,0.0000,2.0000,0.0000,7.0000,0.0000
1.0000,27.2500,1.6650,2.0000,13.0000,8.0000,5.0850,1.0000,1.0000,9.0000,0.0000,2.0000,399.0000,828.0000,1.0000
1.0000,25.1700,3.0000,2.0000,8.0000,4.0000,1.2500,0.0000,1.0000,1.0000,0.0000,2.0000,0.0000,23.0000,0.0000
1.0000,67.7500,5.5000,2.0000,10.0000,9.0000,13.0000,1.0000,1.0000,1.0000,1.0000,2.0000,0.0000,1.0000,1.0000
0.0000,18.8300,9.5000,2.0000,9.0000,4.0000,1.6250,1.0000,1.0000,6.0000,1.0000,2.0000,40.0000,601.0000,1.0000
0.0000,27.2500,0.2900,2.0000,7.0000,8.0000,0.1250,0.0000,1.0000,1.0000,1.0000,2.0000,272.0000,109.0000,0.0000
0.0000,19.5800,0.6650,1.0000,8.0000,4.0000,1.0000,0.0000,1.0000,1.0000,0.0000,2.0000,2000.0000,3.0000,0.0000
1.0000,30.7500,1.5850,2.0000,2.0000,4.0000,0.5850,0.0000,0.0000,0.0000,1.0000,1.0000,0.0000,1.0000,0.0000
0.0000,50.2500,0.8350,2.0000,6.0000,4.0000,0.5000,0.0000,0.0000,0.0000,1.0000,2.0000,240.0000,118.0000,0.0000
1.0000,31.0800,1.5000,1.0000,9.0000,4.0000,0.0400,0.0000,0.0000,0.0000,0.0000,1.0000,160.0000,1.0000,0.0000
1.0000,51.5800,15.0000,2.0000,8.0000,4.0000,8.5000,1.0000,1.0000,9.0000,0.0000,2.0000,0.0000,1.0000,1.0000
0.0000,36.5800,0.2900,2.0000,1.0000,1.0000,0.0000,0.0000,1.0000,10.0000,0.0000,2.0000,200.0000,19.0000,0.0000
1.0000,33.5800,2.7500,2.0000,7.0000,4.0000,4.2500,1.0000,1.0000,6.0000,0.0000,2.0000,204.0000,1.0000,1.0000
0.0000,20.8300,3.0000,2.0000,6.0000,4.0000,0.0400,1.0000,0.0000,0.0000,0.0000,2.0000,100.0000,1.0000,1.0000
1.0000,36.1700,18.1250,2.0000,9.0000,4.0000,0.0850,0.0000,0.0000,0.0000,0.0000,2.0000,320.0000,3553.0000,0.0000
1.0000,50.7500,0.5850,2.0000,1.0000,1.0000,0.0000,0.0000,0.0000,0.0000,0.0000,2.0000,145.0000,1.0000,0.0000
0.0000,23.5800,0.8300,2.0000,11.0000,4.0000,0.4150,0.0000,1.0000,1.0000,1.0000,2.0000,200.0000,12.0000,0.0000
1.0000,35.1700,4.5000,2.0000,14.0000,8.0000,5.7500,0.0000,0.0000,0.0000,1.0000,1.0000,711.0000,1.0000,1.0000
0.0000,58.4200,21.0000,2.0000,3.0000,5.0000,10.0000,1.0000,1.0000,13.0000,0.0000,2.0000,0.0000,6701.0000,1.0000
1.0000,28.2500,0.8750,2.0000,7.0000,4.0000,0.9600,1.0000,1.0000,3.0000,1.0000,2.0000,396.0000,1.0000,1.0000
1.0000,31.5700,0.6250,2.0000,4.0000,4.0000,0.2500,0.0000,0.0000,0.0000,0.0000,2.0000,380.0000,2011.0000,0.0000
0.0000,31.7500,3.0000,1.0000,5.0000,3.0000,0.0000,0.0000,0.0000,0.0000,0.0000,2.0000,160.0000,21.0000,0.0000
1.0000,19.4200,6.5000,2.0000,9.0000,8.0000,1.4600,1.0000,1.0000,7.0000,0.0000,2.0000,80.0000,2955.0000,1.0000
1.0000,39.0800,6.0000,2.0000,7.0000,4.0000,1.2900,1.0000,1.0000,5.0000,1.0000,2.0000,108.0000,1098.0000,1.0000
1.0000,17.0800,3.2900,2.0000,3.0000,4.0000,0.3350,0.0000,0.0000,0.0000,1.0000,2.0000,140.0000,3.0000,0.0000
1.0000,44.8300,7.0000,1.0000,8.0000,4.0000,1.6250,0.0000,0.0000,0.0000,0.0000,2.0000,160.0000,3.0000,0.0000
1.0000,16.2500,0.0000,1.0000,6.0000,4.0000,0.2500,0.0000,0.0000,0.0000,0.0000,2.0000,60.0000,1.0000,0.0000
0.0000,41.1700,6.5000,2.0000,11.0000,4.0000,0.5000,1.0000,1.0000,3.0000,1.0000,2.0000,145.0000,1.0000,1.0000
1.0000,28.9200,15.0000,2.0000,8.0000,8.0000,5.3350,1.0000,1.0000,11.0000,0.0000,2.0000,0.0000,2284.0000,1.0000
0.0000,26.1700,2.0000,2.0000,5.0000,3.0000,0.0000,0.0000,0.0000,0.0000,1.0000,2.0000,276.0000,2.0000,0.0000
1.0000,38.5800,3.3350,2.0000,9.0000,4.0000,4.0000,1.0000,1.0000,14.0000,0.0000,2.0000,383.0000,1345.0000,1.0000
1.0000,25.1700,6.0000,2.0000,8.0000,4.0000,1.0000,1.0000,1.0000,3.0000,0.0000,2.0000,0.0000,1.0000,1.0000
0.0000,28.1700,0.3750,2.0000,11.0000,4.0000,0.5850,1.0000,1.0000,4.0000,0.0000,2.0000,80.0000,1.0000,1.0000
1.0000,73.4200,17.7500,2.0000,1.0000,1.0000,0.0000,1.0000,0.0000,0.0000,1.0000,2.0000,0.0000,1.0000,1.0000
1.0000,22.5000,11.5000,1.0000,7.0000,4.0000,1.5000,0.0000,0.0000,0.0000,1.0000,2.0000,0.0000,4001.0000,0.0000
0.0000,27.1700,1.2500,2.0000,1.0000,1.0000,0.0000,0.0000,1.0000,1.0000,0.0000,2.0000,92.0000,301.0000,0.0000
0.0000,19.1700,8.5850,2.0000,13.0000,8.0000,0.7500,1.0000,1.0000,7.0000,0.0000,2.0000,96.0000,1.0000,1.0000
0.0000,25.5800,0.0000,2.0000,8.0000,4.0000,0.0000,0.0000,0.0000,0.0000,0.0000,3.0000,184.0000,1.0000,1.0000
1.0000,31.5700,0.0400,1.0000,2.0000,4.0000,4.2500,0.0000,0.0000,0.0000,1.0000,2.0000,460.0000,1.0000,0.0000
0.0000,22.5000,8.5000,2.0000,11.0000,4.0000,1.7500,1.0000,1.0000,10.0000,0.0000,2.0000,80.0000,991.0000,0.0000
0.0000,22.9200,1.2500,2.0000,11.0000,4.0000,0.2500,0.0000,0.0000,0.0000,1.0000,2.0000,120.0000,810.0000,0.0000
1.0000,23.2500,12.6250,2.0000,8.0000,4.0000,0.1250,0.0000,1.0000,2.0000,0.0000,2.0000,0.0000,5553.0000,0.0000
0.0000,29.5000,1.0850,1.0000,14.0000,4.0000,1.0000,0.0000,0.0000,0.0000,0.0000,2.0000,280.0000,14.0000,0.0000
0.0000,32.0000,6.0000,2.0000,2.0000,4.0000,1.2500,0.0000,0.0000,0.0000,0.0000,2.0000,272.0000,1.0000,0.0000
1.0000,27.0000,1.5000,1.0000,9.0000,4.0000,0.3750,1.0000,0.0000,0.0000,1.0000,2.0000,260.0000,1066.0000,1.0000
1.0000,19.3300,10.9150,2.0000,8.0000,5.0000,0.5850,0.0000,1.0000,2.0000,1.0000,2.0000,200.0000,8.0000,0.0000
1.0000,35.7500,2.4150,2.0000,9.0000,4.0000,0.1250,0.0000,1.0000,2.0000,0.0000,2.0000,220.0000,2.0000,0.0000
1.0000,18.8300,0.0000,2.0000,11.0000,4.0000,0.6650,0.0000,0.0000,0.0000,0.0000,2.0000,160.0000,2.0000,0.0000
0.0000,28.7500,3.7500,2.0000,8.0000,4.0000,1.0850,1.0000,1.0000,1.0000,1.0000,2.0000,371.0000,1.0000,1.0000
1.0000,34.4200,4.2500,2.0000,3.0000,5.0000,3.2500,1.0000,1.0000,2.0000,0.0000,2.0000,274.0000,611.0000,1.0000
0.0000,33.2500,3.0000,1.0000,6.0000,4.0000,2.0000,0.0000,0.0000,0.0000,0.0000,2.0000,180.0000,1.0000,0.0000
1.0000,53.9200,9.6250,2.0000,10.0000,4.0000,8.6650,1.0000,1.0000,5.0000,0.0000,2.0000,0.0000,1.0000,1.0000
1.0000,25.2500,1.0000,2.0000,6.0000,4.0000,0.5000,0.0000,0.0000,0.0000,0.0000,2.0000,200.0000,1.0000,0.0000
1.0000,32.4200,2.1650,1.0000,4.0000,1.0000,0.0000,0.0000,0.0000,0.0000,0.0000,2.0000,120.0000,1.0000,0.0000
0.0000,21.0800,5.0000,1.0000,1.0000,1.0000,0.0000,0.0000,0.0000,0.0000,0.0000,2.0000,0.0000,1.0000,0.0000
0.0000,56.5000,16.0000,2.0000,5.0000,1.0000,0.0000,1.0000,1.0000,15.0000,0.0000,2.0000,0.0000,248.0000,1.0000
1.0000,32.2500,0.1650,1.0000,8.0000,8.0000,3.2500,1.0000,1.0000,1.0000,1.0000,2.0000,432.0000,8001.0000,1.0000
0.0000,20.5000,11.8350,2.0000,8.0000,8.0000,6.0000,1.0000,0.0000,0.0000,0.0000,2.0000,340.0000,1.0000,1.0000
0.0000,30.2500,5.5000,2.0000,4.0000,4.0000,5.5000,0.0000,0.0000,0.0000,1.0000,1.0000,100.0000,1.0000,0.0000
0.0000,24.5800,0.6700,2.0000,6.0000,8.0000,1.7500,1.0000,0.0000,0.0000,0.0000,2.0000,400.0000,1.0000,0.0000
1.0000,23.1700,11.1250,2.0000,14.0000,8.0000,0.4600,1.0000,1.0000,1.0000,0.0000,2.0000,100.0000,1.0000,1.0000
0.0000,31.5700,11.2500,2.0000,1.0000,1.0000,0.0000,0.0000,0.0000,0.0000,0.0000,2.0000,184.0000,5201.0000,0.0000
0.0000,32.3300,0.5400,2.0000,13.0000,4.0000,0.0400,1.0000,0.0000,0.0000,0.0000,2.0000,440.0000,11178.0000,1.0000
1.0000,23.9200,1.5000,2.0000,2.0000,8.0000,1.8750,1.0000,1.0000,6.0000,0.0000,2.0000,200.0000,328.0000,1.0000
1.0000,36.7500,0.1250,1.0000,8.0000,4.0000,1.5000,0.0000,0.0000,0.0000,1.0000,2.0000,232.0000,114.0000,1.0000
1.0000,29.8300,1.2500,1.0000,4.0000,4.0000,0.2500,0.0000,0.0000,0.0000,0.0000,2.0000,224.0000,1.0000,0.0000
0.0000,24.0800,0.5000,2.0000,11.0000,8.0000,1.2500,1.0000,1.0000,1.0000,0.0000,2.0000,0.0000,679.0000,1.0000
1.0000,21.1700,0.2500,1.0000,8.0000,8.0000,0.2500,0.0000,0.0000,0.0000,0.0000,2.0000,280.0000,205.0000,0.0000
1.0000,31.4200,15.5000,2.0000,8.0000,4.0000,0.5000,1.0000,0.0000,0.0000,0.0000,2.0000,120.0000,1.0000,0.0000
1.0000,22.8300,3.0000,2.0000,7.0000,4.0000,1.2900,1.0000,1.0000,1.0000,0.0000,2.0000,260.0000,801.0000,1.0000
1.0000,37.5000,1.7500,1.0000,8.0000,5.0000,0.2500,1.0000,0.0000,0.0000,1.0000,2.0000,164.0000,401.0000,0.0000
0.0000,24.8300,4.5000,2.0000,9.0000,4.0000,1.0000,0.0000,0.0000,0.0000,1.0000,2.0000,360.0000,7.0000,0.0000
1.0000,36.3300,3.7900,2.0000,9.0000,4.0000,1.1650,1.0000,0.0000,0.0000,1.0000,2.0000,200.0000,1.0000,0.0000
0.0000,47.2500,0.7500,2.0000,11.0000,8.0000,2.7500,1.0000,1.0000,1.0000,0.0000,2.0000,333.0000,893.0000,1.0000
1.0000,32.0800,4.0000,1.0000,13.0000,4.0000,1.5000,0.0000,0.0000,0.0000,1.0000,2.0000,120.0000,1.0000,0.0000
0.0000,30.5800,10.6650,2.0000,11.0000,8.0000,0.0850,0.0000,1.0000,12.0000,1.0000,2.0000,129.0000,4.0000,0.0000
1.0000,27.8300,1.5400,2.0000,9.0000,4.0000,3.7500,1.0000,1.0000,5.0000,1.0000,2.0000,100.0000,4.0000,1.0000
1.0000,54.8300,15.5000,2.0000,10.0000,9.0000,0.0000,1.0000,1.0000,20.0000,0.0000,2.0000,152.0000,131.0000,0.0000
1.0000,16.0800,0.7500,2.0000,8.0000,4.0000,1.7500,1.0000,1.0000,5.0000,1.0000,2.0000,352.0000,691.0000,1.0000
1.0000,24.5800,12.5000,2.0000,9.0000,4.0000,0.8750,1.0000,0.0000,0.0000,1.0000,2.0000,260.0000,1.0000,0.0000
1.0000,32.6700,5.5000,2.0000,11.0000,8.0000,5.5000,1.0000,1.0000,12.0000,1.0000,2.0000,408.0000,1001.0000,1.0000
1.0000,30.1700,0.5000,2.0000,8.0000,4.0000,1.7500,1.0000,1.0000,11.0000,0.0000,2.0000,32.0000,541.0000,1.0000
1.0000,22.2500,0.4600,2.0000,4.0000,4.0000,0.1250,0.0000,0.0000,0.0000,1.0000,2.0000,280.0000,56.0000,0.0000
1.0000,41.7500,0.9600,2.0000,14.0000,4.0000,2.5000,1.0000,0.0000,0.0000,0.0000,2.0000,510.0000,601.0000,1.0000
1.0000,36.6700,2.0000,2.0000,3.0000,4.0000,0.2500,0.0000,0.0000,0.0000,1.0000,2.0000,221.0000,1.0000,0.0000
1.0000,25.8300,12.8350,2.0000,13.0000,4.0000,0.5000,0.0000,0.0000,0.0000,0.0000,2.0000,0.0000,3.0000,0.0000
1.0000,29.9200,1.8350,2.0000,8.0000,8.0000,4.3350,1.0000,0.0000,0.0000,0.0000,2.0000,260.0000,201.0000,1.0000
1.0000,20.0800,0.2500,2.0000,11.0000,4.0000,0.1250,0.0000,0.0000,0.0000,0.0000,2.0000,200.0000,1.0000,0.0000
1.0000,19.6700,0.3750,2.0000,11.0000,4.0000,2.0000,1.0000,1.0000,2.0000,1.0000,2.0000,80.0000,1.0000,1.0000
1.0000,51.4200,0.0400,2.0000,14.0000,8.0000,0.0400,1.0000,0.0000,0.0000,0.0000,2.0000,0.0000,3001.0000,1.0000
1.0000,62.7500,7.0000,2.0000,10.0000,9.0000,0.0000,0.0000,0.0000,0.0000,0.0000,2.0000,0.0000,13.0000,0.0000
1.0000,40.5800,3.2900,2.0000,7.0000,4.0000,3.5000,0.0000,0.0000,0.0000,1.0000,1.0000,400.0000,1.0000,0.0000
0.0000,16.3300,0.2100,2.0000,6.0000,4.0000,0.1250,0.0000,0.0000,0.0000,0.0000,2.0000,200.0000,2.0000,0.0000
1.0000,29.5000,0.5800,2.0000,9.0000,4.0000,0.2900,0.0000,1.0000,1.0000,0.0000,2.0000,340.0000,2804.0000,0.0000
1.0000,34.0000,4.5000,2.0000,6.0000,4.0000,1.0000,1.0000,0.0000,0.0000,1.0000,2.0000,240.0000,1.0000,0.0000
0.0000,71.5800,0.0000,2.0000,8.0000,4.0000,0.0000,0.0000,0.0000,0.0000,0.0000,3.0000,184.0000,1.0000,1.0000
1.0000,42.0000,0.2050,2.0000,3.0000,8.0000,5.1250,1.0000,0.0000,0.0000,0.0000,2.0000,400.0000,1.0000,1.0000
0.0000,22.5000,11.0000,1.0000,11.0000,4.0000,3.0000,1.0000,0.0000,0.0000,1.0000,2.0000,268.0000,1.0000,0.0000
1.0000,24.4200,2.0000,2.0000,10.0000,2.0000,0.1650,0.0000,1.0000,2.0000,0.0000,2.0000,320.0000,1301.0000,0.0000
1.0000,44.3300,0.5000,2.0000,3.0000,8.0000,5.0000,1.0000,0.0000,0.0000,1.0000,2.0000,320.0000,1.0000,1.0000
0.0000,23.0000,11.7500,2.0000,14.0000,8.0000,0.5000,1.0000,1.0000,2.0000,1.0000,2.0000,300.0000,552.0000,1.0000
1.0000,34.4200,1.3350,2.0000,3.0000,5.0000,0.1250,0.0000,0.0000,0.0000,1.0000,2.0000,440.0000,4501.0000,0.0000
1.0000,23.0800,11.5000,2.0000,3.0000,4.0000,3.5000,1.0000,1.0000,9.0000,0.0000,2.0000,56.0000,743.0000,1.0000
1.0000,25.9200,0.8750,2.0000,4.0000,4.0000,0.3750,0.0000,1.0000,2.0000,1.0000,2.0000,174.0000,4.0000,0.0000
0.0000,17.5800,9.0000,2.0000,6.0000,4.0000,1.3750,1.0000,0.0000,0.0000,1.0000,2.0000,0.0000,1.0000,1.0000
1.0000,20.4200,1.0850,2.0000,11.0000,4.0000,1.5000,0.0000,0.0000,0.0000,0.0000,2.0000,108.0000,8.0000,0.0000
1.0000,31.6700,16.1650,2.0000,2.0000,4.0000,3.0000,1.0000,1.0000,9.0000,0.0000,2.0000,250.0000,731.0000,1.0000
0.0000,57.5800,2.0000,2.0000,1.0000,1.0000,6.5000,0.0000,1.0000,1.0000,0.0000,2.0000,0.0000,11.0000,0.0000
1.0000,59.6700,1.5400,2.0000,11.0000,4.0000,0.1250,1.0000,0.0000,0.0000,1.0000,2.0000,260.0000,1.0000,1.0000
0.0000,65.1700,14.0000,2.0000,1.0000,1.0000,0.0000,1.0000,1.0000,11.0000,1.0000,2.0000,0.0000,1401.0000,1.0000
1.0000,30.0800,1.0400,1.0000,3.0000,5.0000,0.5000,1.0000,1.0000,10.0000,1.0000,2.0000,132.0000,29.0000,0.0000
1.0000,48.5800,6.5000,2.0000,11.0000,8.0000,6.0000,1.0000,0.0000,0.0000,1.0000,2.0000,350.0000,1.0000,1.0000
0.0000,23.5800,11.5000,1.0000,4.0000,8.0000,3.0000,0.0000,0.0000,0.0000,1.0000,2.0000,20.0000,17.0000,0.0000
1.0000,20.1700,9.2500,2.0000,8.0000,4.0000,1.6650,1.0000,1.0000,3.0000,1.0000,2.0000,40.0000,29.0000,1.0000
1.0000,48.1700,7.6250,2.0000,9.0000,8.0000,15.5000,1.0000,1.0000,12.0000,0.0000,2.0000,0.0000,791.0000,1.0000
1.0000,23.2500,1.5000,2.0000,11.0000,4.0000,2.3750,1.0000,1.0000,3.0000,1.0000,2.0000,0.0000,583.0000,1.0000
1.0000,32.2500,14.0000,1.0000,1.0000,1.0000,0.0000,0.0000,1.0000,2.0000,0.0000,2.0000,160.0000,2.0000,0.0000
1.0000,33.5800,0.3350,1.0000,13.0000,4.0000,0.0850,0.0000,0.0000,0.0000,0.0000,2.0000,180.0000,1.0000,0.0000
1.0000,23.5800,0.4600,1.0000,9.0000,4.0000,2.6250,1.0000,1.0000,6.0000,1.0000,2.0000,208.0000,348.0000,0.0000
1.0000,16.9200,0.3350,1.0000,4.0000,4.0000,0.2900,0.0000,0.0000,0.0000,0.0000,1.0000,200.0000,1.0000,0.0000
0.0000,20.8300,8.5000,2.0000,8.0000,4.0000,0.1650,0.0000,0.0000,0.0000,0.0000,2.0000,0.0000,352.0000,0.0000
0.0000,60.5800,16.5000,2.0000,11.0000,4.0000,11.0000,1.0000,0.0000,0.0000,1.0000,2.0000,21.0000,10562.0000,1.0000
1.0000,31.5700,5.0000,1.0000,6.0000,4.0000,8.5000,1.0000,0.0000,0.0000,0.0000,2.0000,0.0000,1.0000,0.0000
0.0000,25.0000,12.3300,2.0000,13.0000,8.0000,3.5000,1.0000,1.0000,6.0000,0.0000,2.0000,400.0000,459.0000,1.0000
1.0000,21.5000,9.7500,2.0000,8.0000,4.0000,0.2500,1.0000,0.0000,0.0000,0.0000,2.0000,140.0000,1.0000,0.0000
1.0000,20.4200,0.0000,2.0000,8.0000,4.0000,0.0000,0.0000,0.0000,0.0000,0.0000,3.0000,184.0000,1.0000,0.0000
0.0000,25.2500,13.5000,1.0000,1.0000,1.0000,2.0000,0.0000,1.0000,1.0000,1.0000,2.0000,200.0000,2.0000,0.0000
1.0000,42.8300,4.6250,2.0000,11.0000,4.0000,4.5800,1.0000,0.0000,0.0000,0.0000,1.0000,0.0000,1.0000,1.0000
1.0000,26.6700,1.7500,1.0000,8.0000,4.0000,1.0000,1.0000,1.0000,5.0000,1.0000,2.0000,160.0000,5778.0000,1.0000
1.0000,57.8300,7.0400,2.0000,7.0000,4.0000,14.0000,1.0000,1.0000,6.0000,1.0000,2.0000,360.0000,1333.0000,1.0000
1.0000,55.9200,11.5000,2.0000,1.0000,1.0000,5.0000,1.0000,1.0000,5.0000,0.0000,2.0000,0.0000,8852.0000,1.0000
1.0000,51.3300,10.0000,2.0000,3.0000,5.0000,0.0000,1.0000,1.0000,11.0000,0.0000,2.0000,0.0000,1250.0000,1.0000
1.0000,39.8300,0.5000,2.0000,7.0000,4.0000,0.2500,1.0000,0.0000,0.0000,0.0000,1.0000,288.0000,1.0000,0.0000
1.0000,27.5800,2.0400,1.0000,6.0000,4.0000,2.0000,1.0000,1.0000,3.0000,1.0000,2.0000,370.0000,561.0000,1.0000
1.0000,30.1700,6.5000,2.0000,13.0000,4.0000,3.1250,1.0000,1.0000,8.0000,0.0000,2.0000,330.0000,1201.0000,1.0000
1.0000,51.8300,2.0400,1.0000,1.0000,1.0000,1.5000,0.0000,0.0000,0.0000,0.0000,2.0000,120.0000,2.0000,0.0000
0.0000,25.0000,11.0000,1.0000,6.0000,4.0000,4.5000,1.0000,0.0000,0.0000,0.0000,2.0000,120.0000,1.0000,0.0000
1.0000,29.6700,0.7500,1.0000,8.0000,4.0000,0.0400,0.0000,0.0000,0.0000,0.0000,2.0000,240.0000,1.0000,0.0000
0.0000,33.6700,0.3750,2.0000,13.0000,4.0000,0.3750,0.0000,0.0000,0.0000,0.0000,2.0000,300.0000,45.0000,1.0000
1.0000,25.7500,0.7500,2.0000,8.0000,5.0000,0.2500,1.0000,0.0000,0.0000,0.0000,2.0000,349.0000,24.0000,1.0000
0.0000,28.6700,1.0400,2.0000,8.0000,4.0000,2.5000,1.0000,1.0000,5.0000,1.0000,2.0000,300.0000,1431.0000,1.0000
0.0000,18.0800,0.3750,3.0000,13.0000,1.0000,10.0000,0.0000,0.0000,0.0000,1.0000,1.0000,300.0000,1.0000,1.0000
1.0000,20.4200,7.0000,2.0000,8.0000,4.0000,1.6250,1.0000,1.0000,3.0000,0.0000,2.0000,200.0000,1392.0000,1.0000
1.0000,17.5000,22.0000,3.0000,1.0000,7.0000,0.0000,0.0000,0.0000,0.0000,1.0000,3.0000,450.0000,100001.0000,1.0000
1.0000,18.0800,6.7500,1.0000,7.0000,4.0000,0.0400,0.0000,0.0000,0.0000,0.0000,2.0000,140.0000,1.0000,0.0000
1.0000,47.6700,2.5000,2.0000,7.0000,5.0000,2.5000,1.0000,1.0000,12.0000,1.0000,2.0000,410.0000,2511.0000,1.0000
1.0000,57.4200,8.5000,2.0000,10.0000,8.0000,7.0000,1.0000,1.0000,3.0000,0.0000,2.0000,0.0000,1.0000,1.0000
1.0000,13.7500,4.0000,1.0000,9.0000,4.0000,1.7500,1.0000,1.0000,2.0000,1.0000,2.0000,120.0000,1001.0000,1.0000
1.0000,19.3300,9.5000,2.0000,11.0000,4.0000,1.0000,1.0000,0.0000,0.0000,1.0000,2.0000,60.0000,401.0000,1.0000
0.0000,21.9200,11.6650,2.0000,4.0000,8.0000,0.0850,0.0000,0.0000,0.0000,0.0000,2.0000,320.0000,6.0000,0.0000
1.0000,17.5800,10.0000,2.0000,9.0000,8.0000,0.1650,0.0000,1.0000,1.0000,0.0000,2.0000,120.0000,2.0000,0.0000
1.0000,34.8300,2.5000,1.0000,9.0000,4.0000,3.0000,0.0000,0.0000,0.0000,0.0000,1.0000,200.0000,1.0000,0.0000
1.0000,29.1700,3.5000,2.0000,9.0000,4.0000,3.5000,1.0000,1.0000,3.0000,1.0000,2.0000,329.0000,1.0000,0.0000
1.0000,21.4200,0.7500,1.0000,12.0000,7.0000,0.7500,0.0000,0.0000,0.0000,1.0000,2.0000,132.0000,3.0000,0.0000
1.0000,18.1700,10.2500,2.0000,8.0000,8.0000,1.0850,0.0000,0.0000,0.0000,0.0000,2.0000,320.0000,14.0000,0.0000
1.0000,28.0000,3.0000,2.0000,9.0000,4.0000,0.7500,0.0000,0.0000,0.0000,1.0000,2.0000,300.0000,68.0000,0.0000
0.0000,45.8300,10.5000,2.0000,11.0000,4.0000,5.0000,1.0000,1.0000,7.0000,1.0000,2.0000,0.0000,1.0000,1.0000
1.0000,22.7500,11.5000,2.0000,3.0000,4.0000,0.4150,0.0000,0.0000,0.0000,0.0000,2.0000,0.0000,1.0000,0.0000
0.0000,31.5700,3.5000,2.0000,2.0000,4.0000,3.0000,1.0000,0.0000,0.0000,1.0000,2.0000,300.0000,1.0000,0.0000
0.0000,20.4200,7.5000,2.0000,4.0000,4.0000,1.5000,1.0000,1.0000,1.0000,0.0000,2.0000,160.0000,235.0000,1.0000
0.0000,21.2500,2.3350,2.0000,3.0000,5.0000,0.5000,1.0000,1.0000,4.0000,0.0000,1.0000,80.0000,1.0000,1.0000
1.0000,26.6700,4.2500,2.0000,13.0000,4.0000,4.2900,1.0000,1.0000,1.0000,1.0000,2.0000,120.0000,1.0000,1.0000
0.0000,27.3300,1.6650,2.0000,1.0000,1.0000,0.0000,0.0000,0.0000,0.0000,0.0000,2.0000,340.0000,2.0000,0.0000
1.0000,42.0800,1.0400,2.0000,9.0000,4.0000,5.0000,1.0000,1.0000,6.0000,1.0000,2.0000,500.0000,10001.0000,1.0000
0.0000,18.2500,10.0000,2.0000,9.0000,4.0000,1.0000,0.0000,1.0000,1.0000,0.0000,2.0000,120.0000,2.0000,0.0000
0.0000,28.5000,1.0000,2.0000,11.0000,4.0000,1.0000,1.0000,1.0000,2.0000,1.0000,2.0000,167.0000,501.0000,0.0000
0.0000,21.5000,6.0000,2.0000,6.0000,4.0000,2.5000,1.0000,1.0000,3.0000,0.0000,2.0000,80.0000,919.0000,1.0000
1.0000,21.8300,11.0000,2.0000,14.0000,4.0000,0.2900,1.0000,1.0000,6.0000,0.0000,2.0000,121.0000,1.0000,1.0000
1.0000,21.9200,0.5000,2.0000,8.0000,4.0000,0.1250,0.0000,0.0000,0.0000,0.0000,2.0000,360.0000,1.0000,0.0000
1.0000,32.6700,9.0000,1.0000,9.0000,8.0000,5.2500,1.0000,0.0000,0.0000,1.0000,2.0000,154.0000,1.0000,1.0000
0.0000,45.3300,1.0000,2.0000,11.0000,4.0000,0.1250,0.0000,0.0000,0.0000,1.0000,2.0000,263.0000,1.0000,0.0000
0.0000,23.5800,0.5850,1.0000,1.0000,1.0000,0.1250,0.0000,0.0000,0.0000,0.0000,2.0000,120.0000,88.0000,0.0000
0.0000,17.9200,0.5400,2.0000,8.0000,4.0000,1.7500,0.0000,1.0000,1.0000,1.0000,2.0000,80.0000,6.0000,0.0000
1.0000,33.0000,2.5000,1.0000,9.0000,4.0000,7.0000,0.0000,0.0000,0.0000,1.0000,2.0000,280.0000,1.0000,0.0000
0.0000,22.6700,0.3350,2.0000,11.0000,4.0000,0.7500,0.0000,0.0000,0.0000,0.0000,1.0000,160.0000,1.0000,0.0000
1.0000,34.6700,1.0800,2.0000,7.0000,4.0000,1.1650,0.0000,0.0000,0.0000,0.0000,1.0000,28.0000,1.0000,0.0000
1.0000,29.6700,1.4150,2.0000,9.0000,8.0000,0.7500,1.0000,1.0000,1.0000,0.0000,2.0000,240.0000,101.0000,1.0000
1.0000,31.8300,2.5000,2.0000,6.0000,4.0000,7.5000,1.0000,0.0000,0.0000,1.0000,2.0000,523.0000,1.0000,0.0000
0.0000,20.6700,1.8350,2.0000,11.0000,4.0000,2.0850,1.0000,1.0000,5.0000,0.0000,2.0000,220.0000,2504.0000,1.0000
1.0000,33.7500,2.7500,2.0000,3.0000,5.0000,0.0000,0.0000,0.0000,0.0000,0.0000,2.0000,180.0000,1.0000,0.0000
1.0000,22.0800,0.8300,2.0000,8.0000,8.0000,2.1650,0.0000,0.0000,0.0000,1.0000,2.0000,128.0000,1.0000,1.0000
0.0000,35.4200,12.0000,2.0000,11.0000,8.0000,14.0000,1.0000,1.0000,8.0000,0.0000,2.0000,0.0000,6591.0000,1.0000
1.0000,31.9200,4.4600,2.0000,13.0000,8.0000,6.0400,1.0000,1.0000,3.0000,0.0000,2.0000,311.0000,301.0000,1.0000
0.0000,22.6700,0.7900,2.0000,3.0000,4.0000,0.0850,0.0000,0.0000,0.0000,0.0000,2.0000,144.0000,1.0000,0.0000
1.0000,26.6700,14.5850,2.0000,3.0000,5.0000,0.0000,0.0000,0.0000,0.0000,1.0000,2.0000,178.0000,1.0000,0.0000
1.0000,44.0000,2.0000,2.0000,7.0000,4.0000,1.7500,1.0000,1.0000,2.0000,1.0000,2.0000,0.0000,16.0000,1.0000
1.0000,30.1700,1.0850,1.0000,8.0000,4.0000,0.0400,0.0000,0.0000,0.0000,0.0000,2.0000,170.0000,180.0000,0.0000
1.0000,37.7500,7.0000,2.0000,11.0000,8.0000,11.5000,1.0000,1.0000,7.0000,1.0000,2.0000,300.0000,6.0000,0.0000
1.0000,17.0800,0.0850,1.0000,8.0000,4.0000,0.0400,0.0000,0.0000,0.0000,0.0000,2.0000,140.0000,723.0000,0.0000
1.0000,49.1700,2.2900,2.0000,1.0000,1.0000,0.2900,0.0000,0.0000,0.0000,0.0000,2.0000,200.0000,4.0000,0.0000
1.0000,22.9200,0.1700,2.0000,7.0000,4.0000,0.0850,0.0000,0.0000,0.0000,0.0000,1.0000,0.0000,1.0000,0.0000
0.0000,34.8300,1.2500,1.0000,3.0000,8.0000,0.5000,0.0000,0.0000,0.0000,1.0000,2.0000,160.0000,1.0000,0.0000
1.0000,44.2500,11.0000,1.0000,2.0000,4.0000,1.5000,1.0000,0.0000,0.0000,0.0000,1.0000,0.0000,1.0000,0.0000
1.0000,59.5000,2.7500,2.0000,9.0000,4.0000,1.7500,1.0000,1.0000,5.0000,1.0000,2.0000,60.0000,59.0000,1.0000
1.0000,25.5000,0.3750,2.0000,7.0000,4.0000,0.2500,1.0000,1.0000,3.0000,0.0000,2.0000,260.0000,15109.0000,1.0000
0.0000,41.5800,1.0400,2.0000,6.0000,4.0000,0.6650,0.0000,0.0000,0.0000,0.0000,2.0000,240.0000,238.0000,0.0000
1.0000,49.5800,19.0000,2.0000,1.0000,1.0000,0.0000,1.0000,1.0000,1.0000,0.0000,2.0000,94.0000,1.0000,0.0000
0.0000,33.9200,1.5850,1.0000,1.0000,1.0000,0.0000,1.0000,0.0000,0.0000,0.0000,2.0000,320.0000,1.0000,0.0000
1.0000,19.1700,4.0000,1.0000,3.0000,4.0000,1.0000,0.0000,0.0000,0.0000,1.0000,2.0000,360.0000,1001.0000,0.0000
0.0000,24.5000,2.4150,1.0000,8.0000,4.0000,0.0000,0.0000,0.0000,0.0000,0.0000,2.0000,120.0000,1.0000,0.0000
1.0000,23.3300,1.5000,2.0000,8.0000,8.0000,1.4150,1.0000,0.0000,0.0000,0.0000,2.0000,422.0000,201.0000,1.0000
1.0000,69.1700,9.0000,2.0000,1.0000,1.0000,4.0000,0.0000,1.0000,1.0000,0.0000,2.0000,70.0000,7.0000,0.0000
1.0000,47.6700,0.2900,2.0000,8.0000,5.0000,15.0000,1.0000,1.0000,20.0000,0.0000,2.0000,0.0000,15001.0000,1.0000
0.0000,33.2500,2.5000,1.0000,8.0000,4.0000,2.5000,0.0000,0.0000,0.0000,1.0000,2.0000,0.0000,3.0000,0.0000
1.0000,43.2500,3.0000,2.0000,11.0000,8.0000,6.0000,1.0000,1.0000,11.0000,0.0000,2.0000,80.0000,1.0000,1.0000
1.0000,23.0000,0.6250,1.0000,6.0000,4.0000,0.1250,1.0000,0.0000,0.0000,0.0000,2.0000,180.0000,2.0000,0.0000
1.0000,34.7500,2.5000,2.0000,13.0000,5.0000,0.5000,0.0000,0.0000,0.0000,0.0000,2.0000,348.0000,1.0000,0.0000
1.0000,56.5800,18.5000,2.0000,2.0000,5.0000,15.0000,1.0000,1.0000,17.0000,1.0000,2.0000,0.0000,1.0000,1.0000
0.0000,44.1700,6.6650,2.0000,11.0000,4.0000,7.3750,1.0000,1.0000,3.0000,1.0000,2.0000,0.0000,1.0000,1.0000
0.0000,44.3300,0.0000,2.0000,8.0000,4.0000,2.5000,1.0000,0.0000,0.0000,0.0000,2.0000,0.0000,1.0000,1.0000
1.0000,34.2500,1.7500,2.0000,9.0000,5.0000,0.2500,1.0000,0.0000,0.0000,1.0000,2.0000,163.0000,1.0000,0.0000
0.0000,45.0000,4.5850,2.0000,4.0000,8.0000,1.0000,0.0000,0.0000,0.0000,1.0000,1.0000,240.0000,1.0000,0.0000
1.0000,30.5800,2.7100,1.0000,7.0000,4.0000,0.1250,0.0000,0.0000,0.0000,1.0000,1.0000,80.0000,1.0000,0.0000
1.0000,27.6700,0.7500,2.0000,11.0000,8.0000,0.1650,0.0000,0.0000,0.0000,1.0000,2.0000,220.0000,252.0000,0.0000
1.0000,19.4200,7.2500,2.0000,7.0000,4.0000,0.0400,0.0000,1.0000,1.0000,0.0000,2.0000,100.0000,2.0000,0.0000
0.0000,41.3300,1.0000,2.0000,3.0000,5.0000,2.2500,1.0000,0.0000,0.0000,1.0000,2.0000,0.0000,301.0000,1.0000
0.0000,23.5000,1.5000,2.0000,9.0000,4.0000,0.8750,0.0000,0.0000,0.0000,1.0000,2.0000,160.0000,1.0000,0.0000
1.0000,31.6700,0.8300,2.0000,14.0000,4.0000,1.3350,1.0000,1.0000,8.0000,1.0000,2.0000,303.0000,3291.0000,1.0000
0.0000,17.8300,11.0000,2.0000,14.0000,8.0000,1.0000,1.0000,1.0000,11.0000,0.0000,2.0000,0.0000,3001.0000,1.0000
0.0000,33.1700,2.2500,1.0000,13.0000,4.0000,3.5000,0.0000,0.0000,0.0000,1.0000,2.0000,200.0000,142.0000,0.0000
0.0000,52.5000,7.0000,2.0000,6.0000,8.0000,3.0000,0.0000,0.0000,0.0000,0.0000,2.0000,0.0000,1.0000,0.0000
0.0000,25.4200,1.1250,2.0000,11.0000,4.0000,1.2900,1.0000,1.0000,2.0000,0.0000,2.0000,200.0000,1.0000,0.0000
1.0000,40.5800,1.5000,2.0000,3.0000,5.0000,0.0000,0.0000,0.0000,0.0000,0.0000,1.0000,300.0000,1.0000,0.0000
1.0000,23.9200,0.5850,1.0000,13.0000,8.0000,0.1250,0.0000,0.0000,0.0000,0.0000,2.0000,240.0000,2.0000,0.0000
1.0000,56.0000,12.5000,2.0000,4.0000,8.0000,8.0000,1.0000,0.0000,0.0000,1.0000,2.0000,24.0000,2029.0000,1.0000
0.0000,28.5000,3.0400,1.0000,14.0000,8.0000,2.5400,1.0000,1.0000,1.0000,0.0000,2.0000,70.0000,1.0000,1.0000
1.0000,32.0800,4.0000,2.0000,7.0000,4.0000,2.5000,1.0000,0.0000,0.0000,1.0000,2.0000,360.0000,1.0000,1.0000
1.0000,21.1700,0.8750,1.0000,8.0000,8.0000,0.2500,0.0000,0.0000,0.0000,0.0000,2.0000,280.0000,205.0000,0.0000
1.0000,34.1700,9.1700,2.0000,8.0000,4.0000,4.5000,1.0000,1.0000,12.0000,1.0000,2.0000,0.0000,222.0000,1.0000
1.0000,43.2500,25.2100,2.0000,11.0000,8.0000,0.2100,1.0000,1.0000,1.0000,0.0000,2.0000,760.0000,91.0000,0.0000
0.0000,38.2500,6.0000,2.0000,4.0000,4.0000,1.0000,1.0000,0.0000,0.0000,1.0000,2.0000,0.0000,1.0000,1.0000
1.0000,37.4200,2.0400,2.0000,9.0000,4.0000,0.0400,1.0000,0.0000,0.0000,1.0000,2.0000,400.0000,5801.0000,1.0000
1.0000,29.8300,2.0400,1.0000,14.0000,8.0000,0.0400,0.0000,0.0000,0.0000,0.0000,2.0000,128.0000,2.0000,0.0000
1.0000,37.3300,2.6650,2.0000,13.0000,4.0000,0.1650,0.0000,0.0000,0.0000,1.0000,2.0000,0.0000,502.0000,0.0000
1.0000,31.3300,19.5000,2.0000,8.0000,4.0000,7.0000,1.0000,1.0000,16.0000,0.0000,2.0000,0.0000,5001.0000,1.0000
1.0000,36.0800,2.5400,2.0000,1.0000,1.0000,0.0000,0.0000,0.0000,0.0000,0.0000,2.0000,0.0000,1001.0000,0.0000
1.0000,20.5000,2.4150,2.0000,8.0000,4.0000,2.0000,1.0000,1.0000,11.0000,1.0000,2.0000,200.0000,3001.0000,1.0000
1.0000,47.1700,5.8350,2.0000,9.0000,4.0000,5.5000,0.0000,0.0000,0.0000,0.0000,2.0000,465.0000,151.0000,0.0000
1.0000,22.0000,7.8350,1.0000,3.0000,5.0000,0.1650,0.0000,0.0000,0.0000,1.0000,2.0000,184.0000,1.0000,0.0000
1.0000,20.5000,10.0000,1.0000,8.0000,4.0000,2.5000,1.0000,0.0000,0.0000,0.0000,1.0000,40.0000,1.0000,1.0000
1.0000,34.9200,2.5000,2.0000,9.0000,4.0000,0.0000,1.0000,0.0000,0.0000,1.0000,2.0000,239.0000,201.0000,1.0000
1.0000,24.0800,0.8750,2.0000,7.0000,4.0000,0.0850,0.0000,1.0000,4.0000,0.0000,2.0000,254.0000,1951.0000,0.0000
1.0000,37.3300,6.5000,2.0000,7.0000,8.0000,4.2500,1.0000,1.0000,12.0000,1.0000,2.0000,93.0000,1.0000,1.0000
0.0000,20.7500,9.5400,2.0000,3.0000,4.0000,0.0400,0.0000,0.0000,0.0000,0.0000,2.0000,200.0000,1001.0000,0.0000
1.0000,36.6700,3.2500,2.0000,11.0000,8.0000,9.0000,1.0000,0.0000,0.0000,1.0000,2.0000,102.0000,640.0000,1.0000
1.0000,22.5800,10.0400,2.0000,14.0000,4.0000,0.0400,1.0000,1.0000,9.0000,0.0000,2.0000,60.0000,397.0000,1.0000
0.0000,26.9200,13.5000,2.0000,11.0000,8.0000,5.0000,1.0000,1.0000,2.0000,0.0000,2.0000,0.0000,5001.0000,1.0000
0.0000,46.6700,0.4600,2.0000,13.0000,8.0000,0.4150,1.0000,1.0000,11.0000,1.0000,2.0000,440.0000,7.0000,1.0000
0.0000,52.1700,0.0000,1.0000,1.0000,1.0000,0.0000,0.0000,0.0000,0.0000,0.0000,2.0000,0.0000,1.0000,0.0000
1.0000,39.1700,2.5000,1.0000,3.0000,8.0000,10.0000,0.0000,0.0000,0.0000,1.0000,1.0000,200.0000,1.0000,0.0000
1.0000,39.1700,1.6250,2.0000,8.0000,4.0000,1.5000,1.0000,1.0000,10.0000,0.0000,2.0000,186.0000,4701.0000,1.0000
0.0000,27.6700,2.0400,2.0000,9.0000,4.0000,0.2500,0.0000,0.0000,0.0000,1.0000,2.0000,180.0000,51.0000,0.0000
1.0000,19.1700,9.5000,2.0000,9.0000,4.0000,1.5000,1.0000,0.0000,0.0000,0.0000,2.0000,120.0000,2207.0000,1.0000
1.0000,39.5000,4.2500,2.0000,8.0000,5.0000,6.5000,1.0000,1.0000,16.0000,0.0000,2.0000,117.0000,1211.0000,1.0000
1.0000,36.4200,0.7500,1.0000,2.0000,4.0000,0.5850,0.0000,0.0000,0.0000,0.0000,2.0000,240.0000,4.0000,0.0000
1.0000,26.1700,0.2500,2.0000,3.0000,5.0000,0.0000,1.0000,0.0000,0.0000,1.0000,2.0000,0.0000,1.0000,1.0000
1.0000,39.4200,1.7100,1.0000,7.0000,4.0000,0.1650,0.0000,0.0000,0.0000,0.0000,1.0000,400.0000,1.0000,0.0000
1.0000,41.9200,0.4200,2.0000,8.0000,8.0000,0.2100,1.0000,1.0000,6.0000,0.0000,2.0000,220.0000,949.0000,1.0000
1.0000,21.3300,7.5000,2.0000,6.0000,4.0000,1.4150,1.0000,1.0000,1.0000,0.0000,2.0000,80.0000,9801.0000,1.0000
0.0000,20.0800,1.2500,2.0000,8.0000,4.0000,0.0000,0.0000,0.0000,0.0000,0.0000,2.0000,0.0000,1.0000,0.0000
0.0000,27.5800,3.0000,2.0000,7.0000,4.0000,2.7900,0.0000,1.0000,1.0000,1.0000,2.0000,280.0000,11.0000,0.0000
1.0000,21.5800,0.7900,1.0000,13.0000,4.0000,0.6650,0.0000,0.0000,0.0000,0.0000,2.0000,160.0000,1.0000,0.0000
1.0000,28.2500,5.1250,2.0000,14.0000,4.0000,4.7500,1.0000,1.0000,2.0000,0.0000,2.0000,420.0000,8.0000,1.0000
1.0000,26.9200,2.2500,2.0000,3.0000,5.0000,0.5000,0.0000,0.0000,0.0000,1.0000,2.0000,640.0000,4001.0000,0.0000
0.0000,18.4200,9.2500,2.0000,11.0000,4.0000,1.2100,1.0000,1.0000,4.0000,0.0000,2.0000,60.0000,541.0000,1.0000
0.0000,23.2500,5.8750,2.0000,11.0000,4.0000,3.1700,1.0000,1.0000,10.0000,0.0000,2.0000,120.0000,246.0000,1.0000
1.0000,23.5800,1.7900,2.0000,8.0000,4.0000,0.5400,0.0000,0.0000,0.0000,1.0000,2.0000,136.0000,2.0000,0.0000
1.0000,28.3300,5.0000,2.0000,9.0000,4.0000,11.0000,1.0000,0.0000,0.0000,1.0000,2.0000,70.0000,1.0000,1.0000
1.0000,25.6700,2.2100,1.0000,6.0000,4.0000,4.0000,1.0000,0.0000,0.0000,0.0000,2.0000,188.0000,1.0000,0.0000
0.0000,28.5800,1.6650,2.0000,11.0000,4.0000,2.4150,1.0000,0.0000,0.0000,1.0000,2.0000,440.0000,1.0000,0.0000
1.0000,22.9200,3.1650,1.0000,8.0000,4.0000,0.1650,0.0000,0.0000,0.0000,0.0000,2.0000,160.0000,1059.0000,0.0000
0.0000,24.5000,1.0400,1.0000,1.0000,1.0000,0.5000,1.0000,1.0000,3.0000,0.0000,2.0000,180.0000,148.0000,0.0000
1.0000,24.7500,0.5400,2.0000,7.0000,4.0000,1.0000,0.0000,0.0000,0.0000,1.0000,2.0000,120.0000,2.0000,0.0000
1.0000,32.0000,1.7500,1.0000,10.0000,8.0000,0.0400,1.0000,0.0000,0.0000,1.0000,2.0000,393.0000,1.0000,1.0000
1.0000,48.0800,3.7500,2.0000,3.0000,5.0000,1.0000,0.0000,0.0000,0.0000,0.0000,2.0000,100.0000,3.0000,0.0000
0.0000,28.4200,3.5000,2.0000,9.0000,4.0000,0.8350,1.0000,0.0000,0.0000,0.0000,1.0000,280.0000,1.0000,1.0000
1.0000,25.4200,0.5400,2.0000,9.0000,4.0000,0.1650,0.0000,1.0000,1.0000,0.0000,2.0000,272.0000,445.0000,0.0000
1.0000,18.5800,10.2900,2.0000,1.0000,1.0000,0.4150,0.0000,0.0000,0.0000,0.0000,2.0000,80.0000,1.0000,0.0000
1.0000,21.6700,1.1650,1.0000,4.0000,4.0000,2.5000,1.0000,1.0000,1.0000,0.0000,2.0000,180.0000,21.0000,0.0000
1.0000,24.5800,1.2500,2.0000,8.0000,4.0000,0.2500,0.0000,0.0000,0.0000,0.0000,2.0000,110.0000,1.0000,0.0000
1.0000,16.3300,4.0850,2.0000,3.0000,8.0000,0.4150,0.0000,0.0000,0.0000,1.0000,2.0000,120.0000,1.0000,0.0000
1.0000,26.7500,2.0000,2.0000,2.0000,4.0000,0.7500,0.0000,0.0000,0.0000,1.0000,2.0000,80.0000,1.0000,0.0000
1.0000,48.1700,3.5000,2.0000,6.0000,4.0000,3.5000,1.0000,0.0000,0.0000,0.0000,1.0000,230.0000,1.0000,1.0000
1.0000,23.5000,2.7500,2.0000,1.0000,1.0000,4.5000,0.0000,0.0000,0.0000,0.0000,2.0000,160.0000,26.0000,0.0000
0.0000,41.0000,2.0400,1.0000,11.0000,8.0000,0.1250,1.0000,1.0000,23.0000,1.0000,2.0000,455.0000,1237.0000,1.0000
1.0000,35.1700,25.1250,2.0000,14.0000,8.0000,1.6250,1.0000,1.0000,1.0000,1.0000,2.0000,515.0000,501.0000,1.0000
1.0000,23.7500,12.0000,2.0000,8.0000,4.0000,2.0850,0.0000,0.0000,0.0000,0.0000,1.0000,80.0000,1.0000,0.0000
1.0000,18.6700,5.0000,2.0000,11.0000,4.0000,0.3750,1.0000,1.0000,2.0000,0.0000,2.0000,0.0000,39.0000,0.0000
1.0000,30.3300,0.5000,2.0000,2.0000,8.0000,0.0850,0.0000,0.0000,0.0000,1.0000,1.0000,252.0000,1.0000,0.0000
0.0000,19.7500,0.7500,2.0000,8.0000,4.0000,0.7950,1.0000,1.0000,5.0000,1.0000,2.0000,140.0000,6.0000,0.0000
1.0000,26.1700,0.8350,2.0000,13.0000,4.0000,1.1650,0.0000,0.0000,0.0000,0.0000,2.0000,100.0000,1.0000,0.0000
1.0000,28.7500,1.5000,1.0000,8.0000,4.0000,1.5000,1.0000,0.0000,0.0000,1.0000,2.0000,0.0000,226.0000,0.0000
1.0000,28.6700,9.3350,2.0000,11.0000,8.0000,5.6650,1.0000,1.0000,6.0000,0.0000,2.0000,381.0000,169.0000,1.0000
1.0000,26.0000,1.0000,2.0000,11.0000,4.0000,1.7500,1.0000,0.0000,0.0000,1.0000,2.0000,280.0000,1.0000,1.0000
1.0000,23.5000,3.1650,1.0000,4.0000,4.0000,0.4150,0.0000,1.0000,1.0000,1.0000,2.0000,280.0000,81.0000,0.0000
1.0000,26.3300,13.0000,2.0000,10.0000,2.0000,0.0000,0.0000,0.0000,0.0000,1.0000,2.0000,140.0000,1111.0000,0.0000
1.0000,54.3300,6.7500,2.0000,8.0000,8.0000,2.6250,1.0000,1.0000,11.0000,1.0000,2.0000,0.0000,285.0000,1.0000
1.0000,31.5700,0.3750,2.0000,2.0000,4.0000,0.8750,1.0000,0.0000,0.0000,1.0000,1.0000,928.0000,1.0000,0.0000
0.0000,25.2500,12.5000,2.0000,2.0000,4.0000,1.0000,0.0000,0.0000,0.0000,1.0000,2.0000,180.0000,1063.0000,0.0000
1.0000,33.1700,3.1650,1.0000,14.0000,4.0000,3.1650,1.0000,1.0000,3.0000,1.0000,2.0000,380.0000,1.0000,1.0000
1.0000,39.5000,1.6250,2.0000,8.0000,4.0000,1.5000,0.0000,0.0000,0.0000,0.0000,2.0000,0.0000,317.0000,0.0000
0.0000,17.6700,0.0000,1.0000,5.0000,1.0000,0.0000,0.0000,0.0000,0.0000,0.0000,2.0000,86.0000,1.0000,0.0000
1.0000,23.9200,0.6650,2.0000,8.0000,4.0000,0.1650,0.0000,0.0000,0.0000,0.0000,2.0000,100.0000,1.0000,1.0000
1.0000,26.6700,2.7100,1.0000,13.0000,4.0000,5.2500,1.0000,1.0000,1.0000,0.0000,2.0000,211.0000,1.0000,1.0000
0.0000,22.5000,0.4150,2.0000,3.0000,4.0000,0.3350,0.0000,0.0000,0.0000,1.0000,1.0000,144.0000,1.0000,0.0000
1.0000,39.9200,0.5400,1.0000,6.0000,4.0000,0.5000,1.0000,1.0000,3.0000,0.0000,2.0000,200.0000,1001.0000,1.0000
0.0000,26.0800,8.6650,2.0000,6.0000,4.0000,1.4150,1.0000,0.0000,0.0000,0.0000,2.0000,160.0000,151.0000,1.0000
1.0000,20.0000,0.0000,2.0000,2.0000,4.0000,0.5000,0.0000,0.0000,0.0000,0.0000,2.0000,144.0000,1.0000,0.0000
1.0000,31.5700,4.0000,1.0000,3.0000,4.0000,0.0850,0.0000,0.0000,0.0000,1.0000,2.0000,411.0000,1.0000,0.0000
1.0000,26.7500,4.5000,1.0000,8.0000,5.0000,2.5000,0.0000,0.0000,0.0000,0.0000,2.0000,200.0000,1211.0000,0.0000
0.0000,24.9200,1.2500,2.0000,1.0000,1.0000,0.0000,1.0000,0.0000,0.0000,0.0000,2.0000,80.0000,1.0000,0.0000
0.0000,32.2500,1.5000,2.0000,8.0000,4.0000,0.2500,0.0000,0.0000,0.0000,1.0000,2.0000,372.0000,123.0000,0.0000
1.0000,17.6700,4.4600,2.0000,8.0000,4.0000,0.2500,0.0000,0.0000,0.0000,0.0000,1.0000,80.0000,1.0000,0.0000
0.0000,37.7500,5.5000,2.0000,11.0000,4.0000,0.1250,1.0000,0.0000,0.0000,1.0000,2.0000,228.0000,1.0000,1.0000
1.0000,22.6700,2.5400,1.0000,8.0000,8.0000,2.5850,1.0000,0.0000,0.0000,0.0000,2.0000,0.0000,1.0000,1.0000
0.0000,17.9200,10.2100,2.0000,1.0000,1.0000,0.0000,0.0000,0.0000,0.0000,0.0000,2.0000,0.0000,51.0000,0.0000
1.0000,24.4200,12.3350,2.0000,11.0000,8.0000,1.5850,1.0000,0.0000,0.0000,1.0000,2.0000,120.0000,1.0000,1.0000
0.0000,25.7500,0.5000,2.0000,8.0000,8.0000,0.8750,1.0000,0.0000,0.0000,1.0000,2.0000,491.0000,1.0000,1.0000
1.0000,26.1700,12.5000,1.0000,4.0000,8.0000,1.2500,0.0000,0.0000,0.0000,1.0000,2.0000,0.0000,18.0000,0.0000
0.0000,22.7500,6.1650,2.0000,6.0000,4.0000,0.1650,0.0000,0.0000,0.0000,0.0000,2.0000,220.0000,1001.0000,0.0000
1.0000,23.0000,0.7500,2.0000,7.0000,4.0000,0.5000,1.0000,0.0000,0.0000,1.0000,1.0000,320.0000,1.0000,0.0000
1.0000,25.6700,0.2900,1.0000,8.0000,4.0000,1.5000,0.0000,0.0000,0.0000,1.0000,2.0000,160.0000,1.0000,0.0000
1.0000,48.5800,0.2050,1.0000,4.0000,4.0000,0.2500,1.0000,1.0000,11.0000,0.0000,2.0000,380.0000,2733.0000,1.0000
1.0000,21.1700,0.0000,2.0000,8.0000,4.0000,0.5000,0.0000,0.0000,0.0000,1.0000,1.0000,0.0000,1.0000,0.0000
1.0000,35.2500,16.5000,1.0000,8.0000,4.0000,4.0000,1.0000,0.0000,0.0000,0.0000,2.0000,80.0000,1.0000,0.0000
0.0000,22.9200,11.5850,2.0000,13.0000,4.0000,0.0400,1.0000,0.0000,0.0000,0.0000,2.0000,80.0000,1350.0000,1.0000
0.0000,48.1700,1.3350,2.0000,3.0000,7.0000,0.3350,0.0000,0.0000,0.0000,0.0000,2.0000,0.0000,121.0000,0.0000
1.0000,43.0000,0.2900,1.0000,13.0000,8.0000,1.7500,1.0000,1.0000,8.0000,0.0000,2.0000,100.0000,376.0000,1.0000
1.0000,31.5700,10.5000,2.0000,14.0000,4.0000,6.5000,1.0000,0.0000,0.0000,0.0000,2.0000,0.0000,1.0000,1.0000
1.0000,20.6700,0.4150,2.0000,8.0000,4.0000,0.1250,0.0000,0.0000,0.0000,0.0000,2.0000,0.0000,45.0000,0.0000
0.0000,18.8300,9.5400,2.0000,6.0000,4.0000,0.0850,1.0000,0.0000,0.0000,0.0000,2.0000,100.0000,1.0000,1.0000
0.0000,27.4200,14.5000,2.0000,14.0000,8.0000,3.0850,1.0000,1.0000,1.0000,0.0000,2.0000,120.0000,12.0000,1.0000
1.0000,41.0000,0.0400,2.0000,10.0000,4.0000,0.0400,0.0000,1.0000,1.0000,0.0000,1.0000,560.0000,1.0000,1.0000
